1.000000000000000000e+00	8.964440383379184141e-01
1.000000000000000000e+00	7.210472599499965218e-01
0.000000000000000000e+00	-5.366988521618593078e-02
1.000000000000000000e+00	6.086732064372235573e-01
0.000000000000000000e+00	-7.119344027396815044e-02
0.000000000000000000e+00	2.074954285802534937e-01
0.000000000000000000e+00	3.860177909389740925e-01
1.000000000000000000e+00	4.572177542332965805e-01
1.000000000000000000e+00	7.830576003881505320e-01
1.000000000000000000e+00	6.290311077391476102e-01
0.000000000000000000e+00	6.549535745388834762e-02
0.000000000000000000e+00	3.394511171229883106e-01
0.000000000000000000e+00	4.599021729785673918e-01
1.000000000000000000e+00	7.408004094411716478e-01
1.000000000000000000e+00	2.903043615203550476e-01
0.000000000000000000e+00	9.345742453384113524e-02
1.000000000000000000e+00	9.481041426357644797e-01
1.000000000000000000e+00	5.254566082503219215e-01
0.000000000000000000e+00	-4.011037074611547570e-01
1.000000000000000000e+00	6.836510175201798711e-01
0.000000000000000000e+00	-1.541044682785345787e-01
0.000000000000000000e+00	2.597930785414016008e-01
1.000000000000000000e+00	1.133310307460847488e+00
0.000000000000000000e+00	5.621965266251135462e-01
0.000000000000000000e+00	-1.694433669564104072e-01
0.000000000000000000e+00	1.246298098294748857e-01
1.000000000000000000e+00	9.292639058329223989e-01
0.000000000000000000e+00	-1.207232166264702311e-01
1.000000000000000000e+00	1.234066900440205172e+00
1.000000000000000000e+00	6.220899278097616891e-01
1.000000000000000000e+00	6.104400731559427307e-01
0.000000000000000000e+00	-1.791470633698416803e-01
1.000000000000000000e+00	9.507661311079406152e-01
1.000000000000000000e+00	7.768182040562511270e-01
1.000000000000000000e+00	6.863019745262364246e-01
1.000000000000000000e+00	5.306092179313360857e-01
1.000000000000000000e+00	6.532605033585686671e-01
1.000000000000000000e+00	9.465973079262359757e-01
0.000000000000000000e+00	-1.172797675299520476e-01
1.000000000000000000e+00	6.141312268570353616e-01
1.000000000000000000e+00	1.094497727981216695e+00
1.000000000000000000e+00	6.191020884688240855e-01
1.000000000000000000e+00	9.725859864195756099e-01
0.000000000000000000e+00	3.469148104203613747e-01
0.000000000000000000e+00	4.326392713543560364e-01
0.000000000000000000e+00	5.680748638804330453e-01
1.000000000000000000e+00	1.173232334279756151e+00
0.000000000000000000e+00	5.722945893024163760e-02
1.000000000000000000e+00	6.194915775582414685e-01
1.000000000000000000e+00	9.630104303865527626e-01
1.000000000000000000e+00	7.271789881523209598e-01
0.000000000000000000e+00	2.356329807231135887e-01
0.000000000000000000e+00	5.089417682859627146e-01
0.000000000000000000e+00	4.398114870874164639e-01
0.000000000000000000e+00	3.357562324879164728e-01
1.000000000000000000e+00	1.075259551823306570e+00
0.000000000000000000e+00	3.646377183601284266e-01
1.000000000000000000e+00	7.215629151560264409e-01
1.000000000000000000e+00	1.222139469563430891e+00
1.000000000000000000e+00	4.254467181313021373e-01
1.000000000000000000e+00	1.677371495170207005e+00
1.000000000000000000e+00	8.070288906088992631e-01
0.000000000000000000e+00	-3.229897732363778279e-02
1.000000000000000000e+00	1.137062107932337973e+00
1.000000000000000000e+00	7.776079665189279400e-01
0.000000000000000000e+00	9.444073448903804457e-02
0.000000000000000000e+00	-1.353649659785875481e-01
0.000000000000000000e+00	2.501615159951962597e-01
0.000000000000000000e+00	-2.592433349141931576e-01
0.000000000000000000e+00	2.523167964138575692e-01
1.000000000000000000e+00	3.939037144177673366e-01
0.000000000000000000e+00	-1.545455558685289443e-01
1.000000000000000000e+00	4.508032437257489811e-01
1.000000000000000000e+00	6.718194786883495695e-01
0.000000000000000000e+00	6.297477386180007353e-02
1.000000000000000000e+00	6.420164806108067390e-01
0.000000000000000000e+00	-3.017644971450463287e-01
1.000000000000000000e+00	7.357216664605319423e-01
0.000000000000000000e+00	-9.335546269143472908e-02
0.000000000000000000e+00	1.983615402162676178e-01
0.000000000000000000e+00	4.683662793113089751e-01
1.000000000000000000e+00	1.043866461576244742e+00
0.000000000000000000e+00	-7.904847579027726723e-02
0.000000000000000000e+00	1.293467733687545251e-01
1.000000000000000000e+00	7.211917661876157126e-01
0.000000000000000000e+00	-7.616772173552326108e-02
0.000000000000000000e+00	4.112434511222683442e-01
0.000000000000000000e+00	6.971976479676052219e-02
0.000000000000000000e+00	-3.269063110077686241e-01
0.000000000000000000e+00	2.592489639038163540e-01
0.000000000000000000e+00	4.386923256420224293e-01
0.000000000000000000e+00	1.468684858061895804e-01
0.000000000000000000e+00	3.021936161343589111e-01
0.000000000000000000e+00	4.789031335752615970e-01
0.000000000000000000e+00	1.337507360102401233e-01
1.000000000000000000e+00	8.754922191133007736e-01
1.000000000000000000e+00	5.851102405226061842e-01
0.000000000000000000e+00	-4.432098369127177029e-02
0.000000000000000000e+00	4.001522890872839106e-02
0.000000000000000000e+00	2.931419940433885873e-01
0.000000000000000000e+00	-1.801917336404318115e-01
1.000000000000000000e+00	1.138197866152652393e+00
1.000000000000000000e+00	8.011921002607967912e-01
1.000000000000000000e+00	9.242515696795212676e-01
1.000000000000000000e+00	1.031606193708896946e+00
1.000000000000000000e+00	7.461745924716828293e-01
1.000000000000000000e+00	4.840647409940763701e-01
0.000000000000000000e+00	4.413884699036433878e-01
1.000000000000000000e+00	9.337077561465531028e-01
1.000000000000000000e+00	6.823620641980502333e-01
1.000000000000000000e+00	6.333661762153295349e-01
0.000000000000000000e+00	1.122979428347272574e-01
0.000000000000000000e+00	3.526691522016814906e-01
1.000000000000000000e+00	6.730811095170393665e-01
1.000000000000000000e+00	8.595701594788554001e-01
1.000000000000000000e+00	9.928835636828886591e-01
0.000000000000000000e+00	5.585843888164653270e-01
1.000000000000000000e+00	8.692449588281416784e-01
0.000000000000000000e+00	4.652875312888799519e-01
0.000000000000000000e+00	3.456846336691014043e-01
1.000000000000000000e+00	1.128806629489830904e+00
0.000000000000000000e+00	4.833016346262325458e-01
1.000000000000000000e+00	4.239164091556335556e-01
1.000000000000000000e+00	9.111817352574780315e-01
0.000000000000000000e+00	-1.505895835703255081e-01
1.000000000000000000e+00	1.091129570569584928e+00
1.000000000000000000e+00	7.081562483255554596e-01
0.000000000000000000e+00	2.767249562326473122e-01
0.000000000000000000e+00	-2.354674088152045874e-01
1.000000000000000000e+00	7.199748364736766604e-01
0.000000000000000000e+00	7.370751699308538685e-01
0.000000000000000000e+00	4.079957716737471762e-01
0.000000000000000000e+00	-3.205980226568678759e-01
0.000000000000000000e+00	4.911391248260497666e-01
0.000000000000000000e+00	1.228229340277725845e-01
0.000000000000000000e+00	1.886017503612229945e-02
0.000000000000000000e+00	5.214540163613953228e-01
1.000000000000000000e+00	6.770328793283072466e-01
1.000000000000000000e+00	7.378403828564465972e-01
0.000000000000000000e+00	5.522629867972543849e-01
1.000000000000000000e+00	4.536795606343737575e-01
0.000000000000000000e+00	-4.524302885790562612e-02
0.000000000000000000e+00	6.267967737366012537e-01
0.000000000000000000e+00	4.307800141959813311e-01
0.000000000000000000e+00	2.934541976854544987e-01
0.000000000000000000e+00	2.470412835623851666e-01
1.000000000000000000e+00	7.460144746253623005e-01
1.000000000000000000e+00	6.862853295456217140e-01
1.000000000000000000e+00	7.085557514825274739e-01
1.000000000000000000e+00	6.223923577022127951e-01
1.000000000000000000e+00	4.009808837557449213e-01
1.000000000000000000e+00	1.063924104477661059e+00
1.000000000000000000e+00	8.973114542324284182e-01
0.000000000000000000e+00	4.411571606069903395e-01
1.000000000000000000e+00	5.571603814567207547e-01
0.000000000000000000e+00	4.780600077192943553e-01
0.000000000000000000e+00	4.125901454654449241e-01
0.000000000000000000e+00	8.789408042752118455e-02
1.000000000000000000e+00	1.078105365548231331e+00
0.000000000000000000e+00	1.280972322898996651e-01
0.000000000000000000e+00	2.341131468799430571e-01
0.000000000000000000e+00	3.600507791461818319e-01
1.000000000000000000e+00	7.134645832912219765e-01
0.000000000000000000e+00	1.886656438285430337e-01
0.000000000000000000e+00	4.102554045458204346e-01
1.000000000000000000e+00	7.124906881422691241e-01
1.000000000000000000e+00	5.523115060010108657e-01
0.000000000000000000e+00	2.403928105326250952e-01
1.000000000000000000e+00	8.789456720563806336e-01
1.000000000000000000e+00	9.245418431758352096e-01
0.000000000000000000e+00	3.965983586331910948e-01
0.000000000000000000e+00	6.245972829529126136e-01
1.000000000000000000e+00	5.808899086485106444e-01
0.000000000000000000e+00	1.272769007507643380e-01
1.000000000000000000e+00	6.809023088499549514e-01
0.000000000000000000e+00	3.463416117310684217e-01
0.000000000000000000e+00	4.102882190188997802e-01
0.000000000000000000e+00	3.216204921803091921e-01
0.000000000000000000e+00	1.302480567142189349e-01
1.000000000000000000e+00	8.861799724553519608e-01
0.000000000000000000e+00	1.796639446366111725e-01
1.000000000000000000e+00	4.474617437023726829e-01
1.000000000000000000e+00	1.125753233070818649e+00
1.000000000000000000e+00	1.481042935064662114e+00
1.000000000000000000e+00	3.391837230561995375e-01
0.000000000000000000e+00	3.139863230107260428e-01
0.000000000000000000e+00	5.646186859528030677e-01
1.000000000000000000e+00	1.251504452877848061e+00
1.000000000000000000e+00	6.002559345578173389e-01
0.000000000000000000e+00	4.079041364079153409e-01
0.000000000000000000e+00	2.628141589315544646e-01
1.000000000000000000e+00	6.865593597727586150e-01
0.000000000000000000e+00	3.311459944693217472e-01
0.000000000000000000e+00	2.135354820844910795e-01
1.000000000000000000e+00	6.364861888294740533e-01
1.000000000000000000e+00	1.266796784896048189e+00
1.000000000000000000e+00	1.276762439699600682e+00
0.000000000000000000e+00	3.589410254778494513e-01
1.000000000000000000e+00	7.448577259858618627e-01
0.000000000000000000e+00	1.403467761396685332e-01
0.000000000000000000e+00	3.951335282281627226e-01
1.000000000000000000e+00	1.047632667810089790e+00
1.000000000000000000e+00	8.958461569714611938e-01
1.000000000000000000e+00	7.247288942257682498e-01
1.000000000000000000e+00	6.965140040154723655e-01
0.000000000000000000e+00	3.259793430958229932e-01
1.000000000000000000e+00	4.589133346988471529e-01
1.000000000000000000e+00	4.836559510069947110e-01
0.000000000000000000e+00	6.215919538742068484e-01
1.000000000000000000e+00	1.140064237052053286e+00
0.000000000000000000e+00	-2.233682902117006541e-01
1.000000000000000000e+00	7.234013162337514791e-01
0.000000000000000000e+00	1.644117630067971070e-01
0.000000000000000000e+00	2.036071168850233370e-01
1.000000000000000000e+00	8.588104740428799122e-01
1.000000000000000000e+00	1.292182960363887467e+00
1.000000000000000000e+00	4.774772315677112133e-01
0.000000000000000000e+00	4.203393169999454781e-01
1.000000000000000000e+00	1.064749678147975054e+00
0.000000000000000000e+00	-3.455864467729156120e-01
1.000000000000000000e+00	5.068471104994862753e-01
1.000000000000000000e+00	1.098183653094127132e+00
1.000000000000000000e+00	7.334891488155685924e-01
0.000000000000000000e+00	1.020681001617814304e-01
1.000000000000000000e+00	1.117856739230641550e+00
1.000000000000000000e+00	1.092441336237536476e+00
0.000000000000000000e+00	3.630102874407915015e-01
1.000000000000000000e+00	9.527299664581078131e-01
0.000000000000000000e+00	3.290818104637191488e-01
0.000000000000000000e+00	6.241345101954710595e-01
1.000000000000000000e+00	7.358924917298861335e-01
1.000000000000000000e+00	8.366994380784276153e-01
0.000000000000000000e+00	2.292653641951623023e-01
0.000000000000000000e+00	1.182431160079442933e-01
1.000000000000000000e+00	1.217981870924213839e+00
1.000000000000000000e+00	4.750919838686140650e-01
0.000000000000000000e+00	5.766373857768297695e-01
1.000000000000000000e+00	8.030182109609287355e-01
0.000000000000000000e+00	3.359724314094622577e-01
1.000000000000000000e+00	1.248895389973830206e+00
1.000000000000000000e+00	1.044889445240571924e+00
0.000000000000000000e+00	5.374678021235783643e-01
0.000000000000000000e+00	2.017265759766775635e-01
1.000000000000000000e+00	1.603659391953207392e+00
1.000000000000000000e+00	5.403069303412159075e-01
1.000000000000000000e+00	9.361486139949543039e-01
0.000000000000000000e+00	4.330375120372812470e-01
1.000000000000000000e+00	1.478291800633785069e+00
1.000000000000000000e+00	5.790854801677662866e-01
1.000000000000000000e+00	6.816403862204578612e-01
1.000000000000000000e+00	9.859462881123345346e-01
1.000000000000000000e+00	6.333685250428316982e-01
0.000000000000000000e+00	1.600365600408020506e-01
1.000000000000000000e+00	6.049017401477734257e-01
0.000000000000000000e+00	2.250546798906892521e-01
1.000000000000000000e+00	6.964517481503889051e-01
0.000000000000000000e+00	-5.302609274301935960e-01
0.000000000000000000e+00	2.298631348174139943e-01
1.000000000000000000e+00	8.173818726823439684e-01
1.000000000000000000e+00	6.571686809545053132e-01
0.000000000000000000e+00	2.585542729434211484e-01
1.000000000000000000e+00	5.503531403766144248e-01
0.000000000000000000e+00	4.530147869681184769e-01
1.000000000000000000e+00	1.147273977833594749e+00
0.000000000000000000e+00	4.938708875211847427e-01
0.000000000000000000e+00	7.620238420645177035e-02
1.000000000000000000e+00	5.493871688112910157e-01
1.000000000000000000e+00	7.172129180110375923e-01
0.000000000000000000e+00	1.668933234637183516e-01
1.000000000000000000e+00	7.492716380820226840e-01
1.000000000000000000e+00	1.177738542276554723e+00
1.000000000000000000e+00	8.649662224567842284e-01
0.000000000000000000e+00	3.519730097916776712e-01
1.000000000000000000e+00	7.862814649379797904e-01
1.000000000000000000e+00	4.533871234147501261e-01
0.000000000000000000e+00	5.309022531808004208e-01
1.000000000000000000e+00	1.560061794748939246e+00
1.000000000000000000e+00	9.483134173976163206e-01
1.000000000000000000e+00	1.136103271550307658e+00
0.000000000000000000e+00	3.454910773642717037e-01
0.000000000000000000e+00	2.704890827041739887e-01
1.000000000000000000e+00	9.911582811307395602e-01
1.000000000000000000e+00	9.594189231303330567e-01
0.000000000000000000e+00	-3.535190163217636350e-01
1.000000000000000000e+00	4.706188587861021011e-01
1.000000000000000000e+00	1.120190624394113765e+00
1.000000000000000000e+00	1.376895313292838985e+00
1.000000000000000000e+00	6.188925270458928152e-01
0.000000000000000000e+00	4.511613378307756661e-01
0.000000000000000000e+00	-2.379343113887229244e-01
1.000000000000000000e+00	1.701412300324734561e+00
1.000000000000000000e+00	7.470174530409576796e-01
1.000000000000000000e+00	5.669474096766167204e-01
1.000000000000000000e+00	6.018570928479168858e-01
1.000000000000000000e+00	1.326386819893868640e+00
1.000000000000000000e+00	9.719755594112605701e-01
0.000000000000000000e+00	5.721466071906937678e-01
0.000000000000000000e+00	2.383529547949712890e-01
0.000000000000000000e+00	8.984922763718686256e-02
1.000000000000000000e+00	5.288695552730271476e-01
1.000000000000000000e+00	5.856698789061304256e-01
0.000000000000000000e+00	6.460906570796713932e-01
0.000000000000000000e+00	2.013960650244027428e-01
0.000000000000000000e+00	-6.317576244057220014e-02
0.000000000000000000e+00	7.728579130839751121e-01
0.000000000000000000e+00	3.608106074161487875e-01
0.000000000000000000e+00	3.216848931076654039e-01
0.000000000000000000e+00	1.348188687670320851e-01
0.000000000000000000e+00	1.925200988793294155e-01
0.000000000000000000e+00	1.260135305025769925e-01
0.000000000000000000e+00	3.053712168439476904e-01
0.000000000000000000e+00	4.163429957309716656e-01
0.000000000000000000e+00	2.510268546161041336e-01
0.000000000000000000e+00	1.551330005952615276e-01
1.000000000000000000e+00	1.107445035704407887e+00
0.000000000000000000e+00	-2.106800456659420062e-01
1.000000000000000000e+00	6.217174209169534782e-01
1.000000000000000000e+00	5.456384072259435891e-01
1.000000000000000000e+00	1.086007774561355443e+00
0.000000000000000000e+00	2.773892804956248903e-01
0.000000000000000000e+00	3.741595195082612069e-01
0.000000000000000000e+00	2.778185238754609654e-01
0.000000000000000000e+00	4.793027531322391899e-01
0.000000000000000000e+00	4.163318656317223643e-01
0.000000000000000000e+00	5.454423216097475935e-01
0.000000000000000000e+00	-1.419934258560680562e-01
1.000000000000000000e+00	1.693144523310647243e+00
0.000000000000000000e+00	-2.954908861334674119e-01
1.000000000000000000e+00	8.279853645096038051e-01
0.000000000000000000e+00	-1.832118075737634855e-01
1.000000000000000000e+00	4.923124265540517186e-01
1.000000000000000000e+00	9.007570234145525490e-01
0.000000000000000000e+00	5.826621745697786459e-01
1.000000000000000000e+00	5.692855052004189842e-01
1.000000000000000000e+00	1.310417127994551567e+00
1.000000000000000000e+00	7.687786256162713050e-01
0.000000000000000000e+00	9.514671815210434813e-02
1.000000000000000000e+00	8.534550746423910095e-01
1.000000000000000000e+00	1.214041032849826118e+00
0.000000000000000000e+00	-2.754346290091548299e-01
0.000000000000000000e+00	3.085695864173864100e-01
1.000000000000000000e+00	1.053794367936677912e+00
1.000000000000000000e+00	8.155220566173801977e-01
1.000000000000000000e+00	1.063295990564049553e+00
1.000000000000000000e+00	5.044400528239784132e-01
0.000000000000000000e+00	1.403704854421229942e-01
0.000000000000000000e+00	6.384539302202951738e-02
1.000000000000000000e+00	7.166251409780823867e-01
0.000000000000000000e+00	3.181425713821243173e-01
1.000000000000000000e+00	9.243712396451078117e-01
0.000000000000000000e+00	1.635611177651629666e-01
1.000000000000000000e+00	1.156256943342936383e+00
1.000000000000000000e+00	6.536775026449871406e-01
1.000000000000000000e+00	4.760015253061946616e-01
1.000000000000000000e+00	1.166101307243219143e+00
1.000000000000000000e+00	1.128030907871195421e+00
1.000000000000000000e+00	9.659790533867477214e-01
1.000000000000000000e+00	9.612953692180898901e-01
0.000000000000000000e+00	2.231171541768542099e-01
1.000000000000000000e+00	1.052283109041860953e+00
0.000000000000000000e+00	3.053396717355354451e-01
1.000000000000000000e+00	6.148702513771175937e-01
0.000000000000000000e+00	4.154606691132163854e-01
1.000000000000000000e+00	3.801318235291359926e-01
0.000000000000000000e+00	6.412025810976544893e-01
1.000000000000000000e+00	9.726389351390006821e-01
0.000000000000000000e+00	2.558372447751771639e-01
1.000000000000000000e+00	8.306848231486028133e-01
0.000000000000000000e+00	-2.530687635374203048e-01
1.000000000000000000e+00	6.466291335594395173e-01
0.000000000000000000e+00	1.647314117964439328e-01
0.000000000000000000e+00	4.657047873781863245e-01
0.000000000000000000e+00	-1.330969817335843075e-01
1.000000000000000000e+00	7.343283296687136419e-01
1.000000000000000000e+00	7.140733891266934918e-01
1.000000000000000000e+00	8.620235010622512295e-01
1.000000000000000000e+00	4.284182009535738578e-01
0.000000000000000000e+00	-2.690542937833775849e-01
0.000000000000000000e+00	2.077080829313000809e-01
1.000000000000000000e+00	8.685927712257628386e-01
0.000000000000000000e+00	4.483579758675169114e-01
0.000000000000000000e+00	3.233257565873919326e-01
1.000000000000000000e+00	7.016384946807887601e-01
1.000000000000000000e+00	6.928241533352993420e-01
1.000000000000000000e+00	6.294955686951033691e-01
1.000000000000000000e+00	7.331459972851402940e-01
1.000000000000000000e+00	4.129638450898690527e-01
1.000000000000000000e+00	5.812314238171416569e-01
1.000000000000000000e+00	6.321226837808043841e-01
1.000000000000000000e+00	5.200789033486039603e-01
1.000000000000000000e+00	7.676250383234841657e-01
0.000000000000000000e+00	-1.105467994668060810e-01
0.000000000000000000e+00	-5.472011033303567640e-01
1.000000000000000000e+00	1.133955711188891824e+00
1.000000000000000000e+00	1.118281244747938441e+00
1.000000000000000000e+00	6.089910239953105764e-01
0.000000000000000000e+00	-1.000065534601779077e-01
0.000000000000000000e+00	2.728981590258235945e-01
0.000000000000000000e+00	2.688005185978661893e-01
0.000000000000000000e+00	4.792033082637019853e-02
0.000000000000000000e+00	9.049972832750827201e-02
0.000000000000000000e+00	6.021645116757187166e-01
1.000000000000000000e+00	6.666516317007949999e-01
1.000000000000000000e+00	7.962196689148867135e-01
1.000000000000000000e+00	6.007275085158664263e-01
0.000000000000000000e+00	1.019682492925846062e-01
1.000000000000000000e+00	7.461321508590280649e-01
1.000000000000000000e+00	4.001128408181566232e-01
1.000000000000000000e+00	5.857531705784841947e-01
1.000000000000000000e+00	4.356707781958346071e-01
0.000000000000000000e+00	5.402827172157549374e-01
0.000000000000000000e+00	-9.154507970886680002e-02
1.000000000000000000e+00	1.025245746338788733e+00
1.000000000000000000e+00	4.233748996377157958e-01
0.000000000000000000e+00	5.981272538351312118e-01
0.000000000000000000e+00	3.298175068949063538e-01
0.000000000000000000e+00	-2.373507516480374835e-02
0.000000000000000000e+00	6.406768216347242806e-01
1.000000000000000000e+00	7.893441613319446271e-01
0.000000000000000000e+00	3.385508392756151896e-01
0.000000000000000000e+00	9.200268810274546405e-02
1.000000000000000000e+00	4.621595962910652888e-01
1.000000000000000000e+00	1.352547297977601870e+00
1.000000000000000000e+00	1.047646225247665708e+00
0.000000000000000000e+00	-2.951321052908095210e-01
1.000000000000000000e+00	9.627583166200648357e-01
0.000000000000000000e+00	3.741873285149109329e-01
0.000000000000000000e+00	6.798878389837685610e-02
1.000000000000000000e+00	5.642996190535874979e-01
1.000000000000000000e+00	8.130930249357988249e-01
0.000000000000000000e+00	1.126886931341636450e-01
1.000000000000000000e+00	5.472343952092038055e-01
0.000000000000000000e+00	3.082304788257695174e-02
1.000000000000000000e+00	1.077438529160414715e+00
0.000000000000000000e+00	2.751144725521513235e-01
1.000000000000000000e+00	9.238501512594283760e-01
0.000000000000000000e+00	4.000621240199163098e-01
0.000000000000000000e+00	2.334928307985427720e-01
1.000000000000000000e+00	8.343265453831690825e-01
1.000000000000000000e+00	6.880312733887787857e-01
0.000000000000000000e+00	8.533907117419235744e-02
0.000000000000000000e+00	2.604075612896128988e-01
0.000000000000000000e+00	7.938921702959159110e-02
0.000000000000000000e+00	2.530969438876666811e-01
0.000000000000000000e+00	4.135340290879969127e-01
0.000000000000000000e+00	2.671525718763672064e-01
0.000000000000000000e+00	3.373307705467753492e-01
0.000000000000000000e+00	-1.563013449233543462e-01
0.000000000000000000e+00	1.728613357612747703e-01
1.000000000000000000e+00	1.191353299903641361e+00
0.000000000000000000e+00	1.237231904982965397e-01
0.000000000000000000e+00	4.300968551019390684e-01
0.000000000000000000e+00	2.601378776820363892e-01
1.000000000000000000e+00	8.672060233311673638e-01
0.000000000000000000e+00	2.966005197241848301e-01
1.000000000000000000e+00	5.788449725834674542e-01
1.000000000000000000e+00	7.314183326919390105e-01
0.000000000000000000e+00	3.022987332722625875e-01
0.000000000000000000e+00	-4.176746587809962441e-02
1.000000000000000000e+00	7.152000761265873141e-01
1.000000000000000000e+00	3.243455220293354757e-01
1.000000000000000000e+00	9.651598676883291761e-01
0.000000000000000000e+00	6.366922321511150340e-01
0.000000000000000000e+00	2.300356714554405713e-01
1.000000000000000000e+00	3.913179403028161918e-01
1.000000000000000000e+00	4.991830202243078829e-01
0.000000000000000000e+00	4.164703639799199886e-01
0.000000000000000000e+00	1.897760267510214538e-01
1.000000000000000000e+00	6.353994382877570235e-01
1.000000000000000000e+00	1.126469249290316776e+00
0.000000000000000000e+00	-5.268617761454882226e-02
1.000000000000000000e+00	1.213320449590595373e+00
0.000000000000000000e+00	9.412477508491309819e-02
1.000000000000000000e+00	1.185668764605360304e+00
1.000000000000000000e+00	7.312839472944189234e-01
1.000000000000000000e+00	1.357737097964664130e+00
1.000000000000000000e+00	6.459755830271661781e-01
1.000000000000000000e+00	6.150367598329837815e-01
1.000000000000000000e+00	1.032196714310781749e+00
1.000000000000000000e+00	1.010064763338406779e+00
0.000000000000000000e+00	2.013827769830672798e-01
0.000000000000000000e+00	3.321595721608208707e-01
1.000000000000000000e+00	9.372521482306266360e-01
1.000000000000000000e+00	8.989635244442586437e-01
1.000000000000000000e+00	7.325133327347814749e-01
0.000000000000000000e+00	5.518868334625871563e-01
0.000000000000000000e+00	4.554880166114770312e-01
0.000000000000000000e+00	6.909061847414134372e-02
1.000000000000000000e+00	6.264755379644124655e-01
0.000000000000000000e+00	-2.270384665778241995e-01
0.000000000000000000e+00	2.641531795121092041e-01
0.000000000000000000e+00	-1.015095673961942564e-02
0.000000000000000000e+00	3.797136149905473990e-01
0.000000000000000000e+00	5.088891525549308348e-01
0.000000000000000000e+00	2.286102323555504190e-01
1.000000000000000000e+00	9.376488204866411103e-01
0.000000000000000000e+00	4.684567796825604979e-01
1.000000000000000000e+00	1.038033509280800626e+00
1.000000000000000000e+00	7.218872720472906401e-01
1.000000000000000000e+00	8.060325570892060698e-01
0.000000000000000000e+00	-4.743545549097556990e-01
0.000000000000000000e+00	1.867968147132991266e-02
1.000000000000000000e+00	6.993181926877402033e-01
0.000000000000000000e+00	-1.110601608364336218e-01
1.000000000000000000e+00	7.831680774783422727e-01
0.000000000000000000e+00	-9.222466428815519895e-03
0.000000000000000000e+00	4.157315570365283652e-01
1.000000000000000000e+00	4.221441874639497716e-01
1.000000000000000000e+00	5.260517849840430360e-01
0.000000000000000000e+00	2.223854845514756096e-01
1.000000000000000000e+00	4.371963712120330858e-01
0.000000000000000000e+00	4.826182198380809529e-01
1.000000000000000000e+00	4.634595556842754926e-01
1.000000000000000000e+00	7.537771005065710961e-01
0.000000000000000000e+00	-6.124464837357999208e-02
0.000000000000000000e+00	4.010292806544568656e-01
1.000000000000000000e+00	7.071793174778722157e-01
0.000000000000000000e+00	1.060284395010405584e-01
1.000000000000000000e+00	3.637066517542890676e-01
0.000000000000000000e+00	-1.109798674694813247e-01
0.000000000000000000e+00	2.840410791846361138e-01
0.000000000000000000e+00	4.426090493571552265e-01
1.000000000000000000e+00	5.039463898822766907e-01
1.000000000000000000e+00	8.365362337049753183e-01
0.000000000000000000e+00	-9.408672005739963928e-02
0.000000000000000000e+00	9.158009301512086420e-02
0.000000000000000000e+00	-5.425217136031329490e-01
1.000000000000000000e+00	1.210480610109691435e+00
0.000000000000000000e+00	3.892001738583471537e-01
1.000000000000000000e+00	5.276128164625205619e-01
1.000000000000000000e+00	5.608539512883546907e-01
0.000000000000000000e+00	6.867398060938654236e-01
1.000000000000000000e+00	1.074717648446224416e+00
0.000000000000000000e+00	1.572789437914152988e-01
1.000000000000000000e+00	1.211982313883399609e+00
0.000000000000000000e+00	3.014438473423483034e-01
1.000000000000000000e+00	7.797733151188392942e-01
1.000000000000000000e+00	8.582770848291192411e-01
1.000000000000000000e+00	8.378221238029953666e-01
1.000000000000000000e+00	6.180394240798894323e-01
0.000000000000000000e+00	4.746720999736372404e-01
0.000000000000000000e+00	3.163069537058144781e-02
0.000000000000000000e+00	5.927967242275166138e-01
0.000000000000000000e+00	7.633633395559859258e-02
0.000000000000000000e+00	1.342730841248788998e-01
0.000000000000000000e+00	-3.838079353359982182e-01
1.000000000000000000e+00	8.551377559324541133e-01
1.000000000000000000e+00	1.243866631049967975e+00
1.000000000000000000e+00	6.919679159263065760e-01
0.000000000000000000e+00	2.996157197225676194e-01
0.000000000000000000e+00	1.699465640410272871e-01
1.000000000000000000e+00	6.067748710622062891e-01
0.000000000000000000e+00	2.825886806897019432e-01
0.000000000000000000e+00	6.450095797231367722e-01
1.000000000000000000e+00	1.000067588202411928e+00
0.000000000000000000e+00	3.371472229466215276e-01
1.000000000000000000e+00	6.497530879142265903e-01
0.000000000000000000e+00	3.013533563715115604e-01
0.000000000000000000e+00	-4.306913302817617639e-01
0.000000000000000000e+00	5.182956428064890986e-01
1.000000000000000000e+00	6.077548085365962471e-01
0.000000000000000000e+00	6.813195369130162216e-02
0.000000000000000000e+00	3.430854085285640620e-01
0.000000000000000000e+00	7.166557607413798214e-02
0.000000000000000000e+00	-3.368137506182010688e-01
1.000000000000000000e+00	8.511901183714389862e-01
0.000000000000000000e+00	-6.421598155058098889e-03
1.000000000000000000e+00	6.180245344516229755e-01
0.000000000000000000e+00	3.322641588876630303e-01
0.000000000000000000e+00	-3.017121279900243924e-01
0.000000000000000000e+00	2.948337780927183793e-01
0.000000000000000000e+00	-2.486184861616916042e-01
0.000000000000000000e+00	2.449514803750493797e-02
1.000000000000000000e+00	7.162783008808560892e-01
1.000000000000000000e+00	8.530116256478820214e-01
0.000000000000000000e+00	3.010358583486021367e-01
1.000000000000000000e+00	8.429623014971080464e-01
1.000000000000000000e+00	9.329680364973933493e-01
1.000000000000000000e+00	1.267813379254911110e+00
0.000000000000000000e+00	5.264966301157202322e-01
0.000000000000000000e+00	1.187497439226786397e-02
1.000000000000000000e+00	6.604533506384070440e-01
0.000000000000000000e+00	4.706188337055119963e-01
0.000000000000000000e+00	1.470696437205982754e-01
0.000000000000000000e+00	1.686132581635473859e-01
1.000000000000000000e+00	1.196415148118071148e+00
0.000000000000000000e+00	-1.931276372750910242e-01
1.000000000000000000e+00	1.011692948662886282e+00
1.000000000000000000e+00	8.497060415562935898e-01
1.000000000000000000e+00	6.471488424590088329e-01
1.000000000000000000e+00	7.620164051267341865e-01
0.000000000000000000e+00	4.305920917597526598e-01
0.000000000000000000e+00	1.738180236484682950e-01
0.000000000000000000e+00	2.431507319541295065e-01
1.000000000000000000e+00	6.431630665509865397e-01
1.000000000000000000e+00	9.735235421715638937e-01
0.000000000000000000e+00	2.689092495639502367e-01
0.000000000000000000e+00	-5.602767278240296939e-02
1.000000000000000000e+00	8.107819692227418162e-01
0.000000000000000000e+00	-3.083615005291673317e-01
0.000000000000000000e+00	1.665766280397622257e-01
0.000000000000000000e+00	1.475507940823304019e-02
1.000000000000000000e+00	5.339666732865769871e-01
0.000000000000000000e+00	-9.361334123241220329e-02
1.000000000000000000e+00	8.670707142969015235e-01
0.000000000000000000e+00	9.455850041322379218e-02
0.000000000000000000e+00	4.210824854458669053e-01
0.000000000000000000e+00	1.262989179416157126e-01
1.000000000000000000e+00	1.308296330161462739e+00
0.000000000000000000e+00	-1.128679714959301139e-01
0.000000000000000000e+00	4.147328777231156782e-01
1.000000000000000000e+00	6.376985462653707026e-01
1.000000000000000000e+00	7.433288128929064209e-01
0.000000000000000000e+00	4.395826258909973916e-01
1.000000000000000000e+00	1.291755938001269977e+00
1.000000000000000000e+00	1.398225571944527346e+00
0.000000000000000000e+00	3.090422971310125000e-01
1.000000000000000000e+00	1.191021392096454079e+00
1.000000000000000000e+00	7.206452719565002996e-01
0.000000000000000000e+00	4.881123283118791178e-01
0.000000000000000000e+00	1.977149600787727057e-01
0.000000000000000000e+00	5.281883757821002057e-01
1.000000000000000000e+00	5.828653586709410250e-01
0.000000000000000000e+00	3.379803925247543139e-01
0.000000000000000000e+00	-1.444265807094737009e-01
1.000000000000000000e+00	7.361734180001328065e-01
0.000000000000000000e+00	5.989169845836109785e-01
0.000000000000000000e+00	4.427684505198870024e-01
1.000000000000000000e+00	6.474821871203326751e-01
1.000000000000000000e+00	4.118404389286531297e-01
1.000000000000000000e+00	7.536677394184795320e-01
0.000000000000000000e+00	2.596954654883278923e-01
0.000000000000000000e+00	2.220014051778434472e-01
0.000000000000000000e+00	4.961632175830303915e-01
0.000000000000000000e+00	1.581334168878246182e-01
1.000000000000000000e+00	5.149119285540006974e-01
1.000000000000000000e+00	6.039284421163425565e-01
1.000000000000000000e+00	8.009434934687421626e-01
1.000000000000000000e+00	6.398976710378704302e-01
1.000000000000000000e+00	3.548228078199163749e-01
1.000000000000000000e+00	1.013109773339662789e+00
0.000000000000000000e+00	1.307175234768172614e-02
1.000000000000000000e+00	7.934309511311425922e-01
0.000000000000000000e+00	2.356105183789418966e-01
1.000000000000000000e+00	7.350201633761899167e-01
1.000000000000000000e+00	1.343096434226542568e+00
0.000000000000000000e+00	2.828745204008153435e-01
1.000000000000000000e+00	6.632823099083918761e-01
1.000000000000000000e+00	5.784988248533763366e-01
0.000000000000000000e+00	9.210732313633925028e-02
0.000000000000000000e+00	2.445495056998940320e-01
1.000000000000000000e+00	7.107208455117667301e-01
1.000000000000000000e+00	1.108712877028245947e+00
1.000000000000000000e+00	4.481929299311172010e-01
0.000000000000000000e+00	3.688165962414517024e-02
0.000000000000000000e+00	6.115933952118821626e-01
1.000000000000000000e+00	1.306407025629905849e+00
0.000000000000000000e+00	1.747105826515249205e-01
1.000000000000000000e+00	2.564988634052073890e-01
1.000000000000000000e+00	9.809944896741427112e-01
0.000000000000000000e+00	7.006017667252615322e-01
0.000000000000000000e+00	2.358743570630271735e-01
1.000000000000000000e+00	8.807562767708471130e-01
0.000000000000000000e+00	-5.128009407790511814e-02
0.000000000000000000e+00	4.174370701409308992e-01
1.000000000000000000e+00	4.493899016630130139e-01
0.000000000000000000e+00	4.511917591164079644e-01
0.000000000000000000e+00	6.628754010873680880e-01
1.000000000000000000e+00	8.269140803996763989e-01
0.000000000000000000e+00	-3.235666381932837676e-02
1.000000000000000000e+00	5.444029295116867839e-01
1.000000000000000000e+00	6.444442948989306252e-01
1.000000000000000000e+00	1.400834010770018345e+00
1.000000000000000000e+00	4.305798005296146425e-01
1.000000000000000000e+00	6.043828677510405534e-01
0.000000000000000000e+00	-3.431116300660985718e-01
1.000000000000000000e+00	4.783793311665449632e-01
0.000000000000000000e+00	2.622108283486538349e-01
1.000000000000000000e+00	9.716474942540038739e-01
1.000000000000000000e+00	7.238619885872344950e-01
1.000000000000000000e+00	5.379919716726833112e-01
1.000000000000000000e+00	5.451773405512874149e-01
1.000000000000000000e+00	8.199858089670460926e-01
1.000000000000000000e+00	6.875444113621670406e-01
1.000000000000000000e+00	1.123324383571950635e+00
0.000000000000000000e+00	-2.518626595851520267e-01
0.000000000000000000e+00	-5.096341212533441745e-01
1.000000000000000000e+00	1.055277397779272208e+00
0.000000000000000000e+00	6.399101339928715548e-01
1.000000000000000000e+00	8.769897851909763675e-01
1.000000000000000000e+00	7.024013243254826344e-01
1.000000000000000000e+00	6.441010864732905628e-01
0.000000000000000000e+00	-5.958855545833700168e-03
1.000000000000000000e+00	1.029763886666907213e+00
1.000000000000000000e+00	6.376488447819419481e-01
0.000000000000000000e+00	2.685279308537182330e-01
1.000000000000000000e+00	9.236060814638988870e-01
0.000000000000000000e+00	3.069064889825977027e-01
1.000000000000000000e+00	6.741860477913689254e-01
0.000000000000000000e+00	2.491484987731386880e-01
0.000000000000000000e+00	-1.288630376048259252e-01
1.000000000000000000e+00	1.047989334259690430e+00
0.000000000000000000e+00	1.353774962069998200e-01
0.000000000000000000e+00	4.278296356413524570e-01
0.000000000000000000e+00	5.913319047136291751e-01
1.000000000000000000e+00	1.182372489805107341e+00
1.000000000000000000e+00	5.137622342227374794e-01
1.000000000000000000e+00	1.759349573840248260e+00
1.000000000000000000e+00	9.936975245923824751e-01
0.000000000000000000e+00	3.124782572773742162e-01
1.000000000000000000e+00	9.672295707908441509e-01
1.000000000000000000e+00	1.007347571960475641e+00
0.000000000000000000e+00	3.934621739923658823e-01
1.000000000000000000e+00	7.012031691601899874e-01
1.000000000000000000e+00	9.983764971858494208e-01
1.000000000000000000e+00	4.275710641335254136e-01
0.000000000000000000e+00	3.225496819463755105e-01
0.000000000000000000e+00	2.671306223544098746e-01
0.000000000000000000e+00	3.682630466503328259e-01
1.000000000000000000e+00	5.460828428943115265e-01
0.000000000000000000e+00	1.426533646783056386e-01
0.000000000000000000e+00	2.529681093475683040e-01
1.000000000000000000e+00	1.374283954044074108e+00
0.000000000000000000e+00	4.563798889557047489e-01
0.000000000000000000e+00	3.904870055159962439e-01
1.000000000000000000e+00	7.192909305236029338e-01
1.000000000000000000e+00	6.335973407074001473e-01
1.000000000000000000e+00	8.632833803391392058e-01
1.000000000000000000e+00	1.148492989110923013e+00
1.000000000000000000e+00	8.822197848887206595e-01
1.000000000000000000e+00	6.051998642615208368e-01
1.000000000000000000e+00	8.710233218931391352e-01
1.000000000000000000e+00	8.169654611103815967e-01
0.000000000000000000e+00	4.072236128477823014e-01
1.000000000000000000e+00	1.048830252921905792e+00
1.000000000000000000e+00	5.813501220485485232e-01
1.000000000000000000e+00	9.579310688402780105e-01
1.000000000000000000e+00	9.323463066555317535e-01
0.000000000000000000e+00	2.825429088539243572e-01
1.000000000000000000e+00	7.938325553272749247e-01
1.000000000000000000e+00	9.305908566154844630e-01
0.000000000000000000e+00	1.763251059738276671e-01
1.000000000000000000e+00	8.027454825236688407e-01
0.000000000000000000e+00	2.441398874749451942e-01
0.000000000000000000e+00	3.482194027420750793e-01
0.000000000000000000e+00	-1.538043499085635923e-01
1.000000000000000000e+00	1.422929422022127799e+00
1.000000000000000000e+00	4.037796097839970177e-01
1.000000000000000000e+00	1.192601500465989561e+00
1.000000000000000000e+00	5.981175909988390993e-01
0.000000000000000000e+00	1.967545886705232006e-01
0.000000000000000000e+00	3.417319944392475939e-02
0.000000000000000000e+00	3.344537985004866765e-01
0.000000000000000000e+00	6.258011139687183477e-02
1.000000000000000000e+00	6.609205699890847718e-01
1.000000000000000000e+00	9.070674556211085759e-01
0.000000000000000000e+00	-3.686284228841537475e-02
1.000000000000000000e+00	9.201064038594218841e-01
0.000000000000000000e+00	-4.541677779185558927e-01
1.000000000000000000e+00	6.709752640822317371e-01
1.000000000000000000e+00	6.414188290747554477e-01
0.000000000000000000e+00	1.034759474288739628e-01
0.000000000000000000e+00	-2.364602662367900066e-01
0.000000000000000000e+00	5.454464456838888919e-01
1.000000000000000000e+00	1.165925605366339823e+00
1.000000000000000000e+00	6.500918105595833163e-01
1.000000000000000000e+00	5.338551455680278224e-01
1.000000000000000000e+00	1.220174783790580975e+00
0.000000000000000000e+00	6.377117865497487770e-02
1.000000000000000000e+00	4.419960094754907809e-01
1.000000000000000000e+00	5.675666200334940070e-01
0.000000000000000000e+00	3.500292764375184107e-01
1.000000000000000000e+00	7.971239731377230964e-01
1.000000000000000000e+00	9.956886628356516056e-01
1.000000000000000000e+00	9.232959858653211338e-01
0.000000000000000000e+00	-4.924732515784888687e-01
1.000000000000000000e+00	7.696966097459246869e-01
0.000000000000000000e+00	3.712099011181229646e-01
1.000000000000000000e+00	5.544335595754814605e-01
0.000000000000000000e+00	5.341398191417801034e-01
0.000000000000000000e+00	4.486292562470549083e-01
1.000000000000000000e+00	3.320341773419631659e-01
1.000000000000000000e+00	9.983878581371637972e-01
1.000000000000000000e+00	9.474439156182231647e-01
0.000000000000000000e+00	3.167017501933933055e-01
0.000000000000000000e+00	4.876165013650257118e-01
0.000000000000000000e+00	-1.158570075141734795e-01
1.000000000000000000e+00	7.149031120014497365e-01
0.000000000000000000e+00	1.092777115920060410e-01
0.000000000000000000e+00	4.303264632956425584e-01
1.000000000000000000e+00	7.723325563008346384e-01
1.000000000000000000e+00	4.330290367421146813e-01
0.000000000000000000e+00	8.441617226056775947e-02
1.000000000000000000e+00	9.789012943168423631e-01
1.000000000000000000e+00	1.240816763123848032e+00
0.000000000000000000e+00	2.891441574556865013e-01
0.000000000000000000e+00	-5.310265160561157549e-02
1.000000000000000000e+00	5.826248624924960096e-01
1.000000000000000000e+00	7.439247837878067982e-01
0.000000000000000000e+00	5.374198812048786023e-01
1.000000000000000000e+00	8.217280951060009775e-01
0.000000000000000000e+00	2.466801047985937301e-01
1.000000000000000000e+00	7.079190858420103538e-01
0.000000000000000000e+00	2.359610593529540001e-01
0.000000000000000000e+00	1.646363373104109407e-01
0.000000000000000000e+00	4.819886482517063420e-01
1.000000000000000000e+00	8.394026413138389042e-01
1.000000000000000000e+00	9.916678806657640566e-01
1.000000000000000000e+00	8.029989386575445698e-01
1.000000000000000000e+00	6.919630751580467809e-01
0.000000000000000000e+00	4.248808317590488937e-01
1.000000000000000000e+00	8.341616456426839132e-01
1.000000000000000000e+00	8.070983774828345281e-01
1.000000000000000000e+00	8.091138742415200369e-01
0.000000000000000000e+00	3.518418289557749268e-01
1.000000000000000000e+00	4.112293670774054277e-01
0.000000000000000000e+00	2.296582214758819407e-01
0.000000000000000000e+00	5.196136580061311988e-03
1.000000000000000000e+00	7.986245367060460509e-01
0.000000000000000000e+00	3.824857775033707608e-01
1.000000000000000000e+00	6.645775884289628621e-01
1.000000000000000000e+00	5.831225501474994743e-01
0.000000000000000000e+00	-5.356077509271144066e-02
1.000000000000000000e+00	8.098104170498858778e-01
0.000000000000000000e+00	2.598533870901794662e-01
0.000000000000000000e+00	3.120276810381588106e-01
1.000000000000000000e+00	7.416494546062929460e-01
1.000000000000000000e+00	5.154548064683552866e-01
1.000000000000000000e+00	1.079495056993021507e+00
1.000000000000000000e+00	1.084875043839281794e+00
0.000000000000000000e+00	6.270841760335336135e-01
1.000000000000000000e+00	7.803320910537588917e-01
0.000000000000000000e+00	3.326941201263604597e-01
0.000000000000000000e+00	-4.659506735981384928e-02
1.000000000000000000e+00	1.609168434879783005e+00
0.000000000000000000e+00	1.367797697559238190e-01
1.000000000000000000e+00	7.368269650109351421e-01
0.000000000000000000e+00	8.105953433532935015e-02
0.000000000000000000e+00	4.316176196399997278e-01
0.000000000000000000e+00	2.260611198936592070e-01
0.000000000000000000e+00	4.769133235307281005e-02
1.000000000000000000e+00	8.914820566152000803e-01
1.000000000000000000e+00	7.390836640854792083e-01
0.000000000000000000e+00	-1.224433565251167449e-01
0.000000000000000000e+00	2.089305764413804667e-01
0.000000000000000000e+00	4.688138772392843809e-03
0.000000000000000000e+00	3.258875828181082568e-01
0.000000000000000000e+00	-1.441588232093182487e-01
0.000000000000000000e+00	5.481049013232307532e-01
1.000000000000000000e+00	5.994196780639975408e-01
0.000000000000000000e+00	1.942993117936016485e-03
0.000000000000000000e+00	3.731455600402322492e-02
1.000000000000000000e+00	8.037907411131040014e-01
0.000000000000000000e+00	5.352421065525456711e-01
1.000000000000000000e+00	8.663766518509881109e-01
1.000000000000000000e+00	7.777017499189099459e-01
1.000000000000000000e+00	1.656212961676641227e+00
1.000000000000000000e+00	9.508149256491360557e-01
1.000000000000000000e+00	5.549380415885253326e-01
1.000000000000000000e+00	8.644209370856382746e-01
1.000000000000000000e+00	3.804952910777805175e-01
0.000000000000000000e+00	3.245466579955213482e-01
1.000000000000000000e+00	1.350792385910715376e+00
1.000000000000000000e+00	5.137988255487928591e-01
1.000000000000000000e+00	5.494162460397438164e-01
1.000000000000000000e+00	1.117941689645932879e+00
0.000000000000000000e+00	5.121425664060956784e-01
1.000000000000000000e+00	1.113154134184365374e+00
1.000000000000000000e+00	7.639819628233988080e-01
0.000000000000000000e+00	5.155888016322832668e-01
0.000000000000000000e+00	3.636901810754179509e-01
0.000000000000000000e+00	1.540219582030653844e-01
1.000000000000000000e+00	7.110911661169811993e-01
1.000000000000000000e+00	8.432726463861947019e-01
1.000000000000000000e+00	9.929608959669993240e-01
1.000000000000000000e+00	3.885926955295772589e-01
0.000000000000000000e+00	-4.034198953239040430e-02
1.000000000000000000e+00	8.370385647373820293e-01
1.000000000000000000e+00	3.390281319903286628e-01
0.000000000000000000e+00	3.363944240280027920e-01
0.000000000000000000e+00	4.486789131747124237e-01
1.000000000000000000e+00	5.386399387083680157e-01
0.000000000000000000e+00	6.732966811007894126e-02
0.000000000000000000e+00	-3.098065283458556474e-01
1.000000000000000000e+00	7.917054620257020225e-01
0.000000000000000000e+00	1.702551673995347514e-01
1.000000000000000000e+00	8.955600319879679638e-01
0.000000000000000000e+00	3.495104015873461978e-01
1.000000000000000000e+00	4.321739996070877998e-01
1.000000000000000000e+00	6.476189137642189841e-01
0.000000000000000000e+00	1.272022683549944300e-01
1.000000000000000000e+00	8.310404400083496457e-01
1.000000000000000000e+00	8.260655292314097453e-01
0.000000000000000000e+00	3.736450545225360464e-01
0.000000000000000000e+00	1.038137677149097299e-01
1.000000000000000000e+00	1.191156252666741189e+00
1.000000000000000000e+00	6.098118329278862104e-01
1.000000000000000000e+00	7.175875760375641788e-01
1.000000000000000000e+00	1.426805322950942090e+00
0.000000000000000000e+00	2.856111875483553081e-02
0.000000000000000000e+00	-3.945938412389995292e-02
1.000000000000000000e+00	7.674103227673346739e-01
1.000000000000000000e+00	5.773309098038357234e-01
0.000000000000000000e+00	3.846756229078991951e-01
1.000000000000000000e+00	1.178175081883063635e+00
0.000000000000000000e+00	1.511775573504540726e-01
0.000000000000000000e+00	-6.434803236692378248e-02
0.000000000000000000e+00	5.163335181538220020e-01
0.000000000000000000e+00	5.536489840674162499e-01
0.000000000000000000e+00	2.603777418823617351e-01
0.000000000000000000e+00	4.035919008491321569e-01
0.000000000000000000e+00	5.586308477722120580e-01
0.000000000000000000e+00	7.149819385060623977e-01
0.000000000000000000e+00	6.229778685266127436e-01
1.000000000000000000e+00	1.005598595102951354e+00
0.000000000000000000e+00	2.126680555511719639e-01
1.000000000000000000e+00	1.046494594674057810e+00
0.000000000000000000e+00	-3.215568351287911852e-01
0.000000000000000000e+00	2.537056263761736652e-01
0.000000000000000000e+00	1.719858587332886296e-02
1.000000000000000000e+00	8.807540413741595797e-01
1.000000000000000000e+00	6.262605117793048626e-01
1.000000000000000000e+00	7.633780747717617832e-01
0.000000000000000000e+00	4.550776312844026505e-01
1.000000000000000000e+00	5.129727154566564584e-01
0.000000000000000000e+00	4.237164650458359882e-01
0.000000000000000000e+00	6.689906522100594333e-02
1.000000000000000000e+00	1.271746064212107674e+00
0.000000000000000000e+00	2.442285221775556403e-01
0.000000000000000000e+00	-4.819337371863826602e-01
1.000000000000000000e+00	2.946714912150650845e-01
0.000000000000000000e+00	3.196446812265218984e-01
1.000000000000000000e+00	4.789906411628933047e-01
1.000000000000000000e+00	8.486427999764536434e-01
0.000000000000000000e+00	3.514855236605758382e-01
1.000000000000000000e+00	1.176736364052129113e+00
0.000000000000000000e+00	4.696170617617867471e-01
1.000000000000000000e+00	7.555208225652185750e-01
1.000000000000000000e+00	9.718308224603662282e-01
0.000000000000000000e+00	6.850914568038084240e-02
1.000000000000000000e+00	5.201692177379372284e-01
0.000000000000000000e+00	4.043025928851608497e-01
1.000000000000000000e+00	4.710714518507487791e-01
1.000000000000000000e+00	6.874508624410045066e-01
1.000000000000000000e+00	1.505522972133921833e+00
0.000000000000000000e+00	3.784087693356350535e-01
1.000000000000000000e+00	1.297940932249312951e+00
0.000000000000000000e+00	-1.824201191167582337e-01
0.000000000000000000e+00	5.678244952903602760e-01
1.000000000000000000e+00	4.464753490853930473e-01
0.000000000000000000e+00	4.175425718030776889e-01
1.000000000000000000e+00	1.208682498546468587e+00
0.000000000000000000e+00	9.312399994947814785e-02
0.000000000000000000e+00	3.238209924660701566e-01
1.000000000000000000e+00	1.039376241552744551e+00
0.000000000000000000e+00	5.591121613646975463e-01
1.000000000000000000e+00	8.863991066048655387e-01
1.000000000000000000e+00	6.108162281495155277e-01
1.000000000000000000e+00	7.022566156319081099e-01
0.000000000000000000e+00	4.027963230949342388e-01
1.000000000000000000e+00	6.944328675444553234e-01
1.000000000000000000e+00	7.177573821546306965e-01
1.000000000000000000e+00	7.372508022248309700e-01
0.000000000000000000e+00	1.549046858031462026e-01
1.000000000000000000e+00	1.110087382571731895e+00
0.000000000000000000e+00	-9.367104995121530719e-02
1.000000000000000000e+00	7.097088822084444137e-01
0.000000000000000000e+00	2.510090340697041511e-01
1.000000000000000000e+00	8.573585875844789150e-01
1.000000000000000000e+00	1.219920188901447489e+00
1.000000000000000000e+00	7.648633857931866897e-01
0.000000000000000000e+00	2.630701510349489070e-01
1.000000000000000000e+00	4.947610181708740340e-01
0.000000000000000000e+00	1.747968097616981742e-01
0.000000000000000000e+00	3.462662986568422196e-01
0.000000000000000000e+00	1.807749268963421488e-02
1.000000000000000000e+00	6.460698007529934728e-01
1.000000000000000000e+00	1.002025720954095256e+00
0.000000000000000000e+00	1.416081634863512184e-01
1.000000000000000000e+00	1.180041688872496053e+00
1.000000000000000000e+00	7.093109099193914968e-01
0.000000000000000000e+00	5.885681937509004147e-01
1.000000000000000000e+00	9.962610169090057033e-01
0.000000000000000000e+00	1.337565625127455637e-01
1.000000000000000000e+00	1.094937671886458519e+00
1.000000000000000000e+00	1.097777248287234553e+00
1.000000000000000000e+00	1.331792789790076759e+00
1.000000000000000000e+00	5.588443377177592097e-01
1.000000000000000000e+00	7.005360987397875050e-01
1.000000000000000000e+00	5.036012012890056511e-01
1.000000000000000000e+00	1.301402369454044861e+00
1.000000000000000000e+00	9.365364227793973040e-01
1.000000000000000000e+00	6.024949035150042320e-01
1.000000000000000000e+00	8.553703231397085105e-01
0.000000000000000000e+00	6.132273504245501217e-01
1.000000000000000000e+00	7.066718208040965177e-01
0.000000000000000000e+00	4.913365492377703148e-01
0.000000000000000000e+00	3.208786516235966335e-01
0.000000000000000000e+00	-8.464258909197234226e-01
0.000000000000000000e+00	2.335860515221788447e-01
