1.000000000000000000e+00	9.684294798062998977e-01
1.000000000000000000e+00	9.486840050046871919e-01
0.000000000000000000e+00	-2.116059107552281382e-01
1.000000000000000000e+00	6.197161970287641264e-01
0.000000000000000000e+00	-1.648207957136790802e-01
0.000000000000000000e+00	4.251139611266339102e-01
0.000000000000000000e+00	3.711526213004568975e-01
1.000000000000000000e+00	4.114161984576205078e-01
1.000000000000000000e+00	6.855276847245594940e-01
1.000000000000000000e+00	5.759410453078777081e-01
0.000000000000000000e+00	1.451566975342321111e-02
0.000000000000000000e+00	2.074233867949989707e-01
0.000000000000000000e+00	4.792346644744725492e-01
1.000000000000000000e+00	1.217838916019131190e+00
1.000000000000000000e+00	4.067109271294144235e-01
0.000000000000000000e+00	7.743290428323583961e-03
1.000000000000000000e+00	1.024290411330620820e+00
1.000000000000000000e+00	3.524164455310937472e-01
0.000000000000000000e+00	-2.488538425367227969e-01
1.000000000000000000e+00	6.159113017497768183e-01
0.000000000000000000e+00	1.090460031737226498e-01
0.000000000000000000e+00	5.013068408798218023e-01
1.000000000000000000e+00	1.188411964576727708e+00
0.000000000000000000e+00	7.457392436243498457e-01
0.000000000000000000e+00	-2.558632020662652828e-01
0.000000000000000000e+00	6.281805872939968949e-02
1.000000000000000000e+00	7.231179822277825631e-01
0.000000000000000000e+00	4.753331503001777952e-02
1.000000000000000000e+00	1.244979099248939569e+00
1.000000000000000000e+00	4.218798995171033628e-01
1.000000000000000000e+00	8.787634670699577821e-01
0.000000000000000000e+00	-2.191700970059042852e-01
1.000000000000000000e+00	1.160819316643473265e+00
1.000000000000000000e+00	6.830244807381463668e-01
1.000000000000000000e+00	3.228012590714053887e-01
1.000000000000000000e+00	5.070052228016693752e-01
1.000000000000000000e+00	6.077060274450758470e-01
1.000000000000000000e+00	9.420167245462377492e-01
0.000000000000000000e+00	-2.006974545571609259e-01
1.000000000000000000e+00	5.866841026458973207e-01
1.000000000000000000e+00	1.298477339218980786e+00
1.000000000000000000e+00	6.796489531179088495e-01
1.000000000000000000e+00	9.952810712072738264e-01
0.000000000000000000e+00	3.191208858107451030e-01
0.000000000000000000e+00	5.604605637697831488e-01
0.000000000000000000e+00	1.961065495080537013e-01
1.000000000000000000e+00	1.036009493577048746e+00
0.000000000000000000e+00	1.568427731910921330e-01
1.000000000000000000e+00	8.863237975137981950e-01
1.000000000000000000e+00	9.498553501354615181e-01
1.000000000000000000e+00	1.127624870608652907e+00
0.000000000000000000e+00	1.479509760223903791e-01
0.000000000000000000e+00	3.883432359172363513e-01
0.000000000000000000e+00	2.538250229546850090e-01
0.000000000000000000e+00	3.112119380642670574e-01
1.000000000000000000e+00	1.050931274342468802e+00
0.000000000000000000e+00	2.589710349170282755e-01
1.000000000000000000e+00	6.689895852887557393e-01
1.000000000000000000e+00	9.422829724187298250e-01
1.000000000000000000e+00	3.532970233550499772e-01
1.000000000000000000e+00	1.647287299211940947e+00
1.000000000000000000e+00	8.473374693687016901e-01
0.000000000000000000e+00	-1.747351834219736666e-01
1.000000000000000000e+00	1.242661508952094040e+00
1.000000000000000000e+00	4.061561740888001149e-01
0.000000000000000000e+00	7.881232421211381567e-02
0.000000000000000000e+00	1.952529120935315998e-02
0.000000000000000000e+00	3.262910716468881561e-02
0.000000000000000000e+00	3.232231439310104260e-04
0.000000000000000000e+00	3.488338920746855698e-01
1.000000000000000000e+00	6.035233708115281814e-01
0.000000000000000000e+00	-9.603249661089525990e-02
1.000000000000000000e+00	1.548691771262686312e-01
1.000000000000000000e+00	4.607285297247269984e-01
0.000000000000000000e+00	1.781225067709034660e-01
1.000000000000000000e+00	7.620890748366024869e-01
0.000000000000000000e+00	-4.468872142324559760e-01
1.000000000000000000e+00	1.128730985112994079e+00
0.000000000000000000e+00	-6.280396775970022161e-02
0.000000000000000000e+00	-1.371009518978076325e-01
0.000000000000000000e+00	5.896952585336392438e-01
1.000000000000000000e+00	1.204932849628066238e+00
0.000000000000000000e+00	1.581709064678097909e-01
0.000000000000000000e+00	1.307172602907068493e-01
1.000000000000000000e+00	8.206276179583353869e-01
0.000000000000000000e+00	-5.657985714078814926e-02
0.000000000000000000e+00	3.041433346470619470e-01
0.000000000000000000e+00	-6.285389760969078976e-02
0.000000000000000000e+00	-4.198064230645934813e-01
0.000000000000000000e+00	3.273145020744553935e-01
0.000000000000000000e+00	6.015851606327795587e-01
0.000000000000000000e+00	1.676520778970782277e-01
0.000000000000000000e+00	5.500469306627465971e-02
0.000000000000000000e+00	4.316054025801283611e-01
0.000000000000000000e+00	1.650419745926507420e-01
1.000000000000000000e+00	1.061738221829565676e+00
1.000000000000000000e+00	7.313073416970480300e-01
0.000000000000000000e+00	1.094798857244241308e-01
0.000000000000000000e+00	-2.262903860495448644e-02
0.000000000000000000e+00	2.223587715729729297e-01
0.000000000000000000e+00	1.376093885214125234e-01
1.000000000000000000e+00	1.028740737588071941e+00
1.000000000000000000e+00	5.144659140571153921e-01
1.000000000000000000e+00	8.853290207093321706e-01
1.000000000000000000e+00	1.115141579255390480e+00
1.000000000000000000e+00	6.860354074460518481e-01
1.000000000000000000e+00	2.235389215136102392e-01
0.000000000000000000e+00	5.536323544016309439e-01
1.000000000000000000e+00	8.467756959109672410e-01
1.000000000000000000e+00	7.988616670043949819e-01
1.000000000000000000e+00	5.663198994802681741e-01
0.000000000000000000e+00	2.148041081302104749e-01
0.000000000000000000e+00	4.564291931265015978e-01
1.000000000000000000e+00	7.572374276562203743e-01
1.000000000000000000e+00	8.640546825448593982e-01
1.000000000000000000e+00	1.027601596313279630e+00
0.000000000000000000e+00	7.122946688479072641e-01
1.000000000000000000e+00	7.672098754179345059e-01
0.000000000000000000e+00	5.201609895128020966e-01
0.000000000000000000e+00	4.369916017404970043e-01
1.000000000000000000e+00	9.500929004622921115e-01
0.000000000000000000e+00	1.682612821933154867e-01
1.000000000000000000e+00	4.984751413474826087e-01
1.000000000000000000e+00	8.070139050777527245e-01
0.000000000000000000e+00	-5.853383149971044114e-02
1.000000000000000000e+00	1.033954450707966766e+00
1.000000000000000000e+00	8.609023710419172470e-01
0.000000000000000000e+00	3.292401879434389556e-02
0.000000000000000000e+00	-3.049508176995793796e-01
1.000000000000000000e+00	5.370710005181936753e-01
0.000000000000000000e+00	5.482322893940962949e-01
0.000000000000000000e+00	3.010628903974993942e-01
0.000000000000000000e+00	-3.039408221737016080e-01
0.000000000000000000e+00	3.681414247053174105e-01
0.000000000000000000e+00	-2.278899658257800276e-01
0.000000000000000000e+00	-5.743061848492340971e-02
0.000000000000000000e+00	8.147227144743327543e-01
1.000000000000000000e+00	8.849459097504628335e-01
1.000000000000000000e+00	5.879058463366598763e-01
0.000000000000000000e+00	5.100341197450430908e-01
1.000000000000000000e+00	3.677833532107063763e-01
0.000000000000000000e+00	1.674053840022845796e-01
0.000000000000000000e+00	7.681942601496152268e-01
0.000000000000000000e+00	4.403962730367273481e-01
0.000000000000000000e+00	1.999755631614592508e-02
0.000000000000000000e+00	2.864202889364337312e-01
1.000000000000000000e+00	6.116955755628409319e-01
1.000000000000000000e+00	7.081748029873371486e-01
1.000000000000000000e+00	9.057716439876586367e-01
1.000000000000000000e+00	5.332534576274621241e-01
1.000000000000000000e+00	2.907515192863776021e-01
1.000000000000000000e+00	1.011089460595330003e+00
1.000000000000000000e+00	8.247465433593227369e-01
0.000000000000000000e+00	4.766504359428058168e-01
1.000000000000000000e+00	4.006459662706807201e-01
0.000000000000000000e+00	3.888728769652930461e-01
0.000000000000000000e+00	4.805582186096157837e-01
0.000000000000000000e+00	-2.815728045142194547e-01
1.000000000000000000e+00	8.460783716507870311e-01
0.000000000000000000e+00	9.712022301620062970e-03
0.000000000000000000e+00	2.977302846810737924e-02
0.000000000000000000e+00	4.771570162646244229e-01
1.000000000000000000e+00	4.867771539063310282e-01
0.000000000000000000e+00	1.686863387876540443e-01
0.000000000000000000e+00	7.254916799224265800e-01
1.000000000000000000e+00	7.813532697577608710e-01
1.000000000000000000e+00	5.171303050289604020e-01
0.000000000000000000e+00	2.032357196124515430e-01
1.000000000000000000e+00	8.850802482535438109e-01
1.000000000000000000e+00	1.141460352139391121e+00
0.000000000000000000e+00	5.024660811104245672e-01
0.000000000000000000e+00	5.517350410677116512e-01
1.000000000000000000e+00	6.187138270914834814e-01
0.000000000000000000e+00	1.473495061314372967e-01
1.000000000000000000e+00	9.222901522859399126e-01
0.000000000000000000e+00	4.777048036169107559e-01
0.000000000000000000e+00	4.063874277807756896e-01
0.000000000000000000e+00	3.263066123490560022e-01
0.000000000000000000e+00	2.456822167380258159e-01
1.000000000000000000e+00	9.324826478592491696e-01
0.000000000000000000e+00	1.213652943631677028e-01
1.000000000000000000e+00	4.579995693238208543e-01
1.000000000000000000e+00	1.152556770246199624e+00
1.000000000000000000e+00	1.695309817317524059e+00
1.000000000000000000e+00	1.411325568501750616e-01
0.000000000000000000e+00	3.583722771673363838e-01
0.000000000000000000e+00	3.394922053506243542e-01
1.000000000000000000e+00	1.360913437240634405e+00
1.000000000000000000e+00	5.703380175192412915e-01
0.000000000000000000e+00	2.540063607877686147e-01
0.000000000000000000e+00	2.878848133165394230e-01
1.000000000000000000e+00	6.915770309995313836e-01
0.000000000000000000e+00	2.521362543540776602e-01
0.000000000000000000e+00	1.817152050526791296e-01
1.000000000000000000e+00	8.170207917058367464e-01
1.000000000000000000e+00	1.269876528626128209e+00
1.000000000000000000e+00	1.104876845686908249e+00
0.000000000000000000e+00	4.627716658368609681e-01
1.000000000000000000e+00	7.985064437934711323e-01
0.000000000000000000e+00	2.760662821936493705e-01
0.000000000000000000e+00	3.466578881690925429e-01
1.000000000000000000e+00	1.047910667003402407e+00
1.000000000000000000e+00	7.825646712035314589e-01
1.000000000000000000e+00	6.779523565574635535e-01
1.000000000000000000e+00	3.235241850347632675e-01
0.000000000000000000e+00	3.037782478464257641e-01
1.000000000000000000e+00	4.056169184270576600e-01
1.000000000000000000e+00	3.582018743535809180e-01
0.000000000000000000e+00	6.402312986473163159e-01
1.000000000000000000e+00	1.038448807224993775e+00
0.000000000000000000e+00	-4.744871814767413487e-01
1.000000000000000000e+00	6.162365228129054184e-01
0.000000000000000000e+00	3.487404478860717250e-01
0.000000000000000000e+00	5.062250649152852389e-02
1.000000000000000000e+00	8.907567430782802331e-01
1.000000000000000000e+00	1.569338622895251945e+00
1.000000000000000000e+00	1.960016184409825446e-01
0.000000000000000000e+00	3.917058289477058919e-01
1.000000000000000000e+00	1.058021051064920393e+00
0.000000000000000000e+00	-3.191735184507349388e-01
1.000000000000000000e+00	4.668164404647127119e-01
1.000000000000000000e+00	9.444677011697609759e-01
1.000000000000000000e+00	6.518681371305345973e-01
0.000000000000000000e+00	5.956037350811084208e-01
1.000000000000000000e+00	1.112663053922889667e+00
1.000000000000000000e+00	1.014221041774236332e+00
0.000000000000000000e+00	1.486775469045561460e-01
1.000000000000000000e+00	8.109430657321019531e-01
0.000000000000000000e+00	2.166780728412036894e-01
0.000000000000000000e+00	4.220956393446912425e-01
1.000000000000000000e+00	1.113562528363003956e+00
1.000000000000000000e+00	8.210825604034066583e-01
0.000000000000000000e+00	4.274754635170445738e-01
0.000000000000000000e+00	8.399511756772731763e-02
1.000000000000000000e+00	1.492595796337844893e+00
1.000000000000000000e+00	5.749934574334152337e-01
0.000000000000000000e+00	4.337437727603721815e-01
1.000000000000000000e+00	9.440287094145964897e-01
0.000000000000000000e+00	8.485878295907334223e-02
1.000000000000000000e+00	1.318426016089398356e+00
1.000000000000000000e+00	1.111862250720890177e+00
0.000000000000000000e+00	7.811920414430593151e-01
0.000000000000000000e+00	-5.631682007707259491e-02
1.000000000000000000e+00	1.572375830922699835e+00
1.000000000000000000e+00	6.938791139023229304e-01
1.000000000000000000e+00	9.108170433287559042e-01
0.000000000000000000e+00	5.802089609498319867e-01
1.000000000000000000e+00	1.783711297383404171e+00
1.000000000000000000e+00	7.100077569470834016e-01
1.000000000000000000e+00	6.289006198768719580e-01
1.000000000000000000e+00	9.710613975852373514e-01
1.000000000000000000e+00	6.043301912289934519e-01
0.000000000000000000e+00	9.595434311371414671e-02
1.000000000000000000e+00	7.010537179242228856e-01
0.000000000000000000e+00	4.027382745097820016e-01
1.000000000000000000e+00	7.044508247067852169e-01
0.000000000000000000e+00	-6.896623150022325177e-01
0.000000000000000000e+00	1.696314382665383980e-01
1.000000000000000000e+00	6.215892054948569667e-01
1.000000000000000000e+00	4.842984528624757479e-01
0.000000000000000000e+00	3.756517583747924771e-01
1.000000000000000000e+00	5.192457362995002157e-01
0.000000000000000000e+00	3.694925182103129258e-01
1.000000000000000000e+00	1.198880991706368082e+00
0.000000000000000000e+00	4.291217556113284815e-01
0.000000000000000000e+00	-3.060905044869477454e-02
1.000000000000000000e+00	5.995984215947011142e-01
1.000000000000000000e+00	5.673801563071881882e-01
0.000000000000000000e+00	-8.390803403769181434e-02
1.000000000000000000e+00	6.412767368444357574e-01
1.000000000000000000e+00	1.190055422462793500e+00
1.000000000000000000e+00	1.110576488423776764e+00
0.000000000000000000e+00	3.811027641425893120e-01
1.000000000000000000e+00	1.004757573109150925e+00
1.000000000000000000e+00	8.220643630109325528e-02
0.000000000000000000e+00	4.646610810706018890e-01
1.000000000000000000e+00	1.249686107818661851e+00
1.000000000000000000e+00	9.812006239110033778e-01
1.000000000000000000e+00	1.391242118632829650e+00
0.000000000000000000e+00	3.322176536317611450e-01
0.000000000000000000e+00	2.009154316935548301e-01
1.000000000000000000e+00	9.650848484307787967e-01
1.000000000000000000e+00	1.085725902647358909e+00
0.000000000000000000e+00	-4.454035420208801721e-01
1.000000000000000000e+00	2.675508009903285744e-01
1.000000000000000000e+00	1.133763412221516331e+00
1.000000000000000000e+00	1.143032205436294912e+00
1.000000000000000000e+00	7.849660064605455956e-01
0.000000000000000000e+00	4.479266521969571535e-01
0.000000000000000000e+00	-1.262553822756987687e-01
1.000000000000000000e+00	1.437874175200041016e+00
1.000000000000000000e+00	7.199459139412520692e-01
1.000000000000000000e+00	4.539664772774996138e-01
1.000000000000000000e+00	4.869922853913683514e-01
1.000000000000000000e+00	1.261952348837132254e+00
1.000000000000000000e+00	6.986884556897619003e-01
0.000000000000000000e+00	3.092910729796342628e-01
0.000000000000000000e+00	9.016155581474331882e-02
0.000000000000000000e+00	-6.579497276705827125e-02
1.000000000000000000e+00	5.460269038916980566e-01
1.000000000000000000e+00	4.230805321384505380e-01
0.000000000000000000e+00	5.878486354161067684e-01
0.000000000000000000e+00	8.996000280890510681e-02
0.000000000000000000e+00	1.531344470716573813e-01
0.000000000000000000e+00	5.985849593196048701e-01
0.000000000000000000e+00	5.948561148023834289e-01
0.000000000000000000e+00	5.940743119284913609e-01
0.000000000000000000e+00	4.974433565076185060e-01
0.000000000000000000e+00	2.273459191935975066e-01
0.000000000000000000e+00	6.324251437424125918e-03
0.000000000000000000e+00	3.512251942355801848e-01
0.000000000000000000e+00	3.072093332255962927e-01
0.000000000000000000e+00	-7.390656002947772196e-02
0.000000000000000000e+00	-1.410019999147554826e-01
1.000000000000000000e+00	1.108066018757629445e+00
0.000000000000000000e+00	-1.872784918826441714e-01
1.000000000000000000e+00	6.883679644322645563e-01
1.000000000000000000e+00	7.580442273136753784e-01
1.000000000000000000e+00	1.108073142425730406e+00
0.000000000000000000e+00	3.745163628524274535e-01
0.000000000000000000e+00	3.351286898967247296e-01
0.000000000000000000e+00	4.495827996306067109e-01
0.000000000000000000e+00	6.090044569507025995e-01
0.000000000000000000e+00	3.667853818150814682e-01
0.000000000000000000e+00	8.045258175500208386e-01
0.000000000000000000e+00	2.730732079338963891e-01
1.000000000000000000e+00	1.756708458666742523e+00
0.000000000000000000e+00	-3.725597238727325067e-01
1.000000000000000000e+00	8.958064959631757418e-01
0.000000000000000000e+00	-1.460994089766118886e-01
1.000000000000000000e+00	2.150504136211331130e-01
1.000000000000000000e+00	7.616691489795941461e-01
0.000000000000000000e+00	4.011767393332328346e-01
1.000000000000000000e+00	3.746842250499914373e-01
1.000000000000000000e+00	1.090119294273636408e+00
1.000000000000000000e+00	9.939138629885552190e-01
0.000000000000000000e+00	1.384107519448572396e-02
1.000000000000000000e+00	7.111646734572391049e-01
1.000000000000000000e+00	1.154823896937821281e+00
0.000000000000000000e+00	-1.394998295919341880e-01
0.000000000000000000e+00	2.734790842234210984e-01
1.000000000000000000e+00	7.044158554627961699e-01
1.000000000000000000e+00	9.926168723823572959e-01
1.000000000000000000e+00	1.469764167908155672e+00
1.000000000000000000e+00	6.051025566210991302e-01
0.000000000000000000e+00	-1.133515902246837459e-01
0.000000000000000000e+00	-5.188305808072257719e-02
1.000000000000000000e+00	6.328165066925990345e-01
0.000000000000000000e+00	8.246737484819602337e-02
1.000000000000000000e+00	1.255349962635251337e+00
0.000000000000000000e+00	1.226662957368182955e-01
1.000000000000000000e+00	1.373593890853560318e+00
1.000000000000000000e+00	7.339956567201226800e-01
1.000000000000000000e+00	5.094424093259662945e-01
1.000000000000000000e+00	1.353979837666661856e+00
1.000000000000000000e+00	1.192007045139331645e+00
1.000000000000000000e+00	9.633438187270042530e-01
1.000000000000000000e+00	9.518696690955155137e-01
0.000000000000000000e+00	-2.447769727657644195e-02
1.000000000000000000e+00	1.089625271766125447e+00
0.000000000000000000e+00	4.217809886651886497e-01
1.000000000000000000e+00	1.026957430644529934e+00
0.000000000000000000e+00	5.758318612484475407e-01
1.000000000000000000e+00	1.246022798542533450e-01
0.000000000000000000e+00	4.746014314261507439e-01
1.000000000000000000e+00	9.563374955179632098e-01
0.000000000000000000e+00	3.629089553086000675e-01
1.000000000000000000e+00	9.115520347299850279e-01
0.000000000000000000e+00	-2.176921236175914653e-01
1.000000000000000000e+00	9.131140669723751824e-01
0.000000000000000000e+00	5.352254949581923826e-01
0.000000000000000000e+00	5.029082176663145498e-01
0.000000000000000000e+00	-2.933521234790175125e-01
1.000000000000000000e+00	7.057886417354328756e-01
1.000000000000000000e+00	3.239279004221942704e-01
1.000000000000000000e+00	7.912740667316826570e-01
1.000000000000000000e+00	2.200940118961370040e-01
0.000000000000000000e+00	-1.916893036448362175e-01
0.000000000000000000e+00	1.717837841142781374e-01
1.000000000000000000e+00	7.403416550619847936e-01
0.000000000000000000e+00	3.141625686490638891e-01
0.000000000000000000e+00	2.902692244883391948e-01
1.000000000000000000e+00	5.153365349372520665e-01
1.000000000000000000e+00	5.368935553870169963e-01
1.000000000000000000e+00	7.404243965209560407e-01
1.000000000000000000e+00	6.902261388311193846e-01
1.000000000000000000e+00	2.132544122317230062e-01
1.000000000000000000e+00	6.561040321347729742e-01
1.000000000000000000e+00	6.205237999012376271e-01
1.000000000000000000e+00	6.216487012201397100e-01
1.000000000000000000e+00	8.463908991462473219e-01
0.000000000000000000e+00	-1.522840316089123514e-01
0.000000000000000000e+00	-2.855504560124037527e-01
1.000000000000000000e+00	1.486040880449230439e+00
1.000000000000000000e+00	1.010189284005632349e+00
1.000000000000000000e+00	7.580960575148021352e-01
0.000000000000000000e+00	-9.917508218101800388e-02
0.000000000000000000e+00	2.258385726765621271e-01
0.000000000000000000e+00	3.943403673515218366e-01
0.000000000000000000e+00	1.281154713200789996e-01
0.000000000000000000e+00	2.523597065593135569e-01
0.000000000000000000e+00	7.447351912854252021e-01
1.000000000000000000e+00	6.488203378409074240e-01
1.000000000000000000e+00	7.435871850225682644e-01
1.000000000000000000e+00	6.706357767954133076e-01
0.000000000000000000e+00	1.422397497813332468e-01
1.000000000000000000e+00	7.417459948599849362e-01
1.000000000000000000e+00	3.201065748898424546e-01
1.000000000000000000e+00	6.074816809115829441e-01
1.000000000000000000e+00	2.823242505009475045e-01
0.000000000000000000e+00	5.230487743947296320e-01
0.000000000000000000e+00	-2.433590209921726311e-01
1.000000000000000000e+00	1.288827170755530327e+00
1.000000000000000000e+00	5.075146186204191334e-01
0.000000000000000000e+00	6.467382465616658971e-01
0.000000000000000000e+00	1.596474478481485770e-01
0.000000000000000000e+00	1.235124977753703501e-01
0.000000000000000000e+00	7.931623048373613871e-01
1.000000000000000000e+00	1.037393263951063904e+00
0.000000000000000000e+00	2.450159903004225370e-01
0.000000000000000000e+00	5.448850459893839898e-03
1.000000000000000000e+00	6.860925668752664297e-01
1.000000000000000000e+00	1.203575081680534176e+00
1.000000000000000000e+00	8.923918168226817604e-01
0.000000000000000000e+00	-1.599798862639842667e-01
1.000000000000000000e+00	9.388976602420203710e-01
0.000000000000000000e+00	3.331055089865622154e-01
0.000000000000000000e+00	3.243566461632278464e-01
1.000000000000000000e+00	6.366517298626371835e-01
1.000000000000000000e+00	7.686552390913876653e-01
0.000000000000000000e+00	2.173042050357433530e-04
1.000000000000000000e+00	5.092783555100751647e-01
0.000000000000000000e+00	1.569352706110341833e-01
1.000000000000000000e+00	8.490516911535871403e-01
0.000000000000000000e+00	-1.275408575458894522e-03
1.000000000000000000e+00	1.008927719418772018e+00
0.000000000000000000e+00	2.271971799149756777e-01
0.000000000000000000e+00	3.792512051871229084e-01
1.000000000000000000e+00	6.124635437921716052e-01
1.000000000000000000e+00	7.535405785162410108e-01
0.000000000000000000e+00	3.597164106414944135e-02
0.000000000000000000e+00	5.113794289919932484e-02
0.000000000000000000e+00	8.256281902084686153e-02
0.000000000000000000e+00	3.794387769834778323e-01
0.000000000000000000e+00	5.037489087289489520e-01
0.000000000000000000e+00	4.274790248233095169e-01
0.000000000000000000e+00	3.323889588619529656e-01
0.000000000000000000e+00	-4.039945244348966402e-01
0.000000000000000000e+00	-5.161297039855371194e-03
1.000000000000000000e+00	1.042790072855068972e+00
0.000000000000000000e+00	1.230973455597886707e-01
0.000000000000000000e+00	4.314022877592524341e-01
0.000000000000000000e+00	3.087376478709231709e-01
1.000000000000000000e+00	9.592921589274756577e-01
0.000000000000000000e+00	2.771977456163646214e-01
1.000000000000000000e+00	4.988047199437733448e-01
1.000000000000000000e+00	7.696685401704107532e-01
0.000000000000000000e+00	4.658643430306947941e-01
0.000000000000000000e+00	3.245975954513931339e-02
1.000000000000000000e+00	4.011969404122964766e-01
1.000000000000000000e+00	3.848245176137895518e-01
1.000000000000000000e+00	1.126173233883684510e+00
0.000000000000000000e+00	6.968809923521511740e-01
0.000000000000000000e+00	-5.487786483543993787e-02
1.000000000000000000e+00	2.925692463781245922e-01
1.000000000000000000e+00	6.450551274916112021e-01
0.000000000000000000e+00	4.980514078766447583e-01
0.000000000000000000e+00	6.838118700255969851e-02
1.000000000000000000e+00	6.965431642244741539e-01
1.000000000000000000e+00	1.191234167265275090e+00
0.000000000000000000e+00	-2.615501360340697357e-01
1.000000000000000000e+00	1.380916229260266137e+00
0.000000000000000000e+00	3.462630791104040311e-03
1.000000000000000000e+00	1.344456834458785499e+00
1.000000000000000000e+00	4.244020273219387684e-01
1.000000000000000000e+00	1.323659217563075474e+00
1.000000000000000000e+00	6.377669861648805893e-01
1.000000000000000000e+00	3.838549169026891916e-01
1.000000000000000000e+00	9.021537342136385362e-01
1.000000000000000000e+00	8.974555342890513376e-01
0.000000000000000000e+00	3.900371676413127986e-02
0.000000000000000000e+00	2.588343744227414867e-01
1.000000000000000000e+00	9.833888615394419386e-01
1.000000000000000000e+00	1.012577309541710102e+00
1.000000000000000000e+00	8.143847549189444646e-01
0.000000000000000000e+00	7.928047496629748725e-01
0.000000000000000000e+00	5.624533603556999273e-01
0.000000000000000000e+00	1.563010526162612324e-01
1.000000000000000000e+00	1.897788691349321655e-01
0.000000000000000000e+00	-2.750101980619031883e-01
0.000000000000000000e+00	3.906092919788245466e-01
0.000000000000000000e+00	3.775812957500317667e-03
0.000000000000000000e+00	1.270744509108110987e-01
0.000000000000000000e+00	5.106839629280840454e-01
0.000000000000000000e+00	1.880466295608044791e-01
1.000000000000000000e+00	1.105648281449989057e+00
0.000000000000000000e+00	5.516246365391674206e-02
1.000000000000000000e+00	8.617632710911034000e-01
1.000000000000000000e+00	6.701378880561260631e-01
1.000000000000000000e+00	4.306218067794815862e-01
0.000000000000000000e+00	-2.293113460790705826e-01
0.000000000000000000e+00	2.116763364561407776e-02
1.000000000000000000e+00	7.612039253092490743e-01
0.000000000000000000e+00	1.984131881160183242e-01
1.000000000000000000e+00	8.799330289014496431e-01
0.000000000000000000e+00	-1.333781543431713720e-02
0.000000000000000000e+00	1.722160463288096577e-01
1.000000000000000000e+00	4.743065878151918047e-01
1.000000000000000000e+00	6.640865842794750895e-01
0.000000000000000000e+00	-2.993010152291186721e-02
1.000000000000000000e+00	8.002084830378014546e-01
0.000000000000000000e+00	8.328138615452335136e-01
1.000000000000000000e+00	4.068098361738157753e-01
1.000000000000000000e+00	1.033047572852934692e+00
0.000000000000000000e+00	-1.606945583664001198e-01
0.000000000000000000e+00	4.661617396484680764e-01
1.000000000000000000e+00	8.375246436979016940e-01
0.000000000000000000e+00	1.359803138282395518e-01
1.000000000000000000e+00	1.287309222646475515e-01
0.000000000000000000e+00	-2.233390677989599005e-01
0.000000000000000000e+00	2.338318088821585705e-01
0.000000000000000000e+00	7.261958801673976671e-01
1.000000000000000000e+00	4.629695280930140600e-01
1.000000000000000000e+00	8.918690172566816621e-01
0.000000000000000000e+00	-1.659150692304789398e-01
0.000000000000000000e+00	9.857611988786789403e-02
0.000000000000000000e+00	-6.990299583813863737e-01
1.000000000000000000e+00	1.336337830493294243e+00
0.000000000000000000e+00	3.387587934034230197e-01
1.000000000000000000e+00	4.719475303500598184e-01
1.000000000000000000e+00	7.703926409299544087e-01
0.000000000000000000e+00	7.657028942216560496e-01
1.000000000000000000e+00	1.206601353727713155e+00
0.000000000000000000e+00	2.125340187205868869e-01
1.000000000000000000e+00	1.344531224068472586e+00
0.000000000000000000e+00	5.464096803009848013e-01
1.000000000000000000e+00	9.616857474138154060e-01
1.000000000000000000e+00	9.470455643947434110e-01
1.000000000000000000e+00	6.752855388851328744e-01
1.000000000000000000e+00	4.378683706242679219e-01
0.000000000000000000e+00	3.301238577022321263e-01
0.000000000000000000e+00	-1.085302274038921905e-01
0.000000000000000000e+00	5.192393121403351408e-01
0.000000000000000000e+00	-1.693670351472236282e-03
0.000000000000000000e+00	1.858573829196794314e-01
0.000000000000000000e+00	-5.826614028015726365e-01
1.000000000000000000e+00	8.628120282786972961e-01
1.000000000000000000e+00	1.033748738550567259e+00
1.000000000000000000e+00	6.867215032301766664e-01
0.000000000000000000e+00	1.224253439195017584e-01
0.000000000000000000e+00	3.542074340417806222e-01
1.000000000000000000e+00	5.872563047672341163e-01
0.000000000000000000e+00	1.809781496292898473e-01
0.000000000000000000e+00	6.326044848922937058e-01
1.000000000000000000e+00	9.089278223086132424e-01
0.000000000000000000e+00	3.740097248939484587e-01
1.000000000000000000e+00	7.199089489302986644e-01
0.000000000000000000e+00	4.035335178924269739e-01
0.000000000000000000e+00	-3.972326580015669850e-01
0.000000000000000000e+00	5.788680413925801904e-01
1.000000000000000000e+00	4.960476766750958610e-01
0.000000000000000000e+00	2.363354807641329380e-01
0.000000000000000000e+00	6.940393364201703497e-01
0.000000000000000000e+00	1.536114286495980363e-01
0.000000000000000000e+00	-2.528086793295976631e-01
1.000000000000000000e+00	9.871263317112771718e-01
0.000000000000000000e+00	7.132968328592477480e-02
1.000000000000000000e+00	6.600729547515137297e-01
0.000000000000000000e+00	6.358167238201459792e-01
0.000000000000000000e+00	-5.379865525140133942e-01
0.000000000000000000e+00	5.959917487702642847e-01
0.000000000000000000e+00	-3.077851836602284868e-02
0.000000000000000000e+00	1.114170018062521916e-01
1.000000000000000000e+00	8.025020653713389462e-01
1.000000000000000000e+00	9.829909274283910037e-01
0.000000000000000000e+00	1.375399716664937183e-02
1.000000000000000000e+00	1.000329595535899507e+00
1.000000000000000000e+00	8.733076688852224878e-01
1.000000000000000000e+00	1.489721578482622100e+00
0.000000000000000000e+00	2.935235095972120178e-01
0.000000000000000000e+00	1.851121637132585596e-01
1.000000000000000000e+00	4.281845416173037933e-01
0.000000000000000000e+00	6.492250272194404204e-01
0.000000000000000000e+00	8.432867757209495940e-02
0.000000000000000000e+00	1.628092329479291778e-01
1.000000000000000000e+00	1.110216080415090234e+00
0.000000000000000000e+00	-2.551047124068960836e-01
1.000000000000000000e+00	1.058641336893509477e+00
1.000000000000000000e+00	9.769016462653478117e-01
1.000000000000000000e+00	6.221661202140658098e-01
1.000000000000000000e+00	6.115388150041947135e-01
0.000000000000000000e+00	4.150372470668013958e-01
0.000000000000000000e+00	-6.462525938782762158e-02
0.000000000000000000e+00	3.416417254553028582e-01
1.000000000000000000e+00	9.295106264927724959e-01
1.000000000000000000e+00	8.996765001352017288e-01
0.000000000000000000e+00	2.481340053953380032e-01
0.000000000000000000e+00	-1.694959078442578038e-01
1.000000000000000000e+00	6.461977612548356342e-01
0.000000000000000000e+00	-3.425847157622882722e-01
0.000000000000000000e+00	3.606642541608767738e-01
0.000000000000000000e+00	1.183049483041844763e-01
1.000000000000000000e+00	6.226104859885455145e-01
0.000000000000000000e+00	-3.327344141605115962e-03
1.000000000000000000e+00	6.514012911134789974e-01
0.000000000000000000e+00	-3.334376967564436911e-02
0.000000000000000000e+00	4.684723358277443350e-01
0.000000000000000000e+00	4.603241364079863618e-01
1.000000000000000000e+00	1.326408113527429267e+00
0.000000000000000000e+00	1.658306194206950884e-02
0.000000000000000000e+00	5.902042369566082858e-01
1.000000000000000000e+00	5.092621341170333604e-01
1.000000000000000000e+00	6.756119534155528017e-01
0.000000000000000000e+00	4.104043661638792084e-01
1.000000000000000000e+00	1.199024825016269169e+00
1.000000000000000000e+00	9.869296362182932159e-01
0.000000000000000000e+00	3.527960899939853179e-01
1.000000000000000000e+00	1.326276148433452429e+00
1.000000000000000000e+00	7.676110729084600903e-01
0.000000000000000000e+00	2.176811810816752513e-01
0.000000000000000000e+00	8.219255631420847863e-02
0.000000000000000000e+00	1.631583579087555747e-01
1.000000000000000000e+00	5.534749113907152518e-01
0.000000000000000000e+00	2.961711042224078883e-01
0.000000000000000000e+00	-1.764495286840667490e-02
1.000000000000000000e+00	7.571151111712524084e-01
0.000000000000000000e+00	7.005708708079203539e-01
0.000000000000000000e+00	2.720548177369995213e-01
1.000000000000000000e+00	7.958323595894817304e-01
1.000000000000000000e+00	3.078739422528086189e-01
1.000000000000000000e+00	5.900026316838062890e-01
0.000000000000000000e+00	1.458588623585835298e-01
0.000000000000000000e+00	1.796485065658799118e-01
0.000000000000000000e+00	4.086107069883659348e-01
0.000000000000000000e+00	2.014208008077708612e-01
1.000000000000000000e+00	6.743655691439698341e-02
1.000000000000000000e+00	2.823623221076496104e-01
1.000000000000000000e+00	6.636180896970199639e-01
1.000000000000000000e+00	7.972403308892631602e-01
1.000000000000000000e+00	1.283190612949859921e-01
1.000000000000000000e+00	9.816834761398389730e-01
0.000000000000000000e+00	-1.917395367731887512e-02
1.000000000000000000e+00	7.782886621954731021e-01
0.000000000000000000e+00	3.599682132421373471e-01
1.000000000000000000e+00	7.478630466600557636e-01
1.000000000000000000e+00	1.364567398254223907e+00
0.000000000000000000e+00	1.606970013444090906e-01
1.000000000000000000e+00	7.329626850649715308e-01
1.000000000000000000e+00	6.335400917794150599e-01
0.000000000000000000e+00	-3.159187320606909877e-03
0.000000000000000000e+00	2.589930304677862116e-01
1.000000000000000000e+00	6.831701291825321709e-01
1.000000000000000000e+00	1.139193144517752998e+00
1.000000000000000000e+00	3.040083624031872378e-01
0.000000000000000000e+00	-2.349875174995441629e-01
0.000000000000000000e+00	4.857564629519605104e-01
1.000000000000000000e+00	1.229200995758819692e+00
0.000000000000000000e+00	-2.554044309418672665e-01
1.000000000000000000e+00	4.668855703366081578e-02
1.000000000000000000e+00	1.107269980277953758e+00
0.000000000000000000e+00	5.649969092924354008e-01
0.000000000000000000e+00	2.324108242873418606e-01
1.000000000000000000e+00	9.604764736688871096e-01
0.000000000000000000e+00	-1.472479157366509139e-01
0.000000000000000000e+00	3.980242785087807489e-01
1.000000000000000000e+00	1.745261013369219516e-01
0.000000000000000000e+00	5.286222355389658123e-01
0.000000000000000000e+00	4.559781150944098860e-01
1.000000000000000000e+00	8.439447110736831847e-01
0.000000000000000000e+00	-2.044139258370267498e-01
1.000000000000000000e+00	6.732560596448022849e-01
1.000000000000000000e+00	3.091120733197826875e-01
1.000000000000000000e+00	1.372291721544653731e+00
1.000000000000000000e+00	4.647761571816823589e-01
1.000000000000000000e+00	5.592848226575688475e-01
0.000000000000000000e+00	-3.709899203119780275e-01
1.000000000000000000e+00	6.090431504580768873e-01
0.000000000000000000e+00	-1.247162511181862943e-01
1.000000000000000000e+00	1.147206069807952700e+00
1.000000000000000000e+00	7.292581372931431494e-01
1.000000000000000000e+00	5.828145924275635048e-01
1.000000000000000000e+00	6.765215060840428229e-01
1.000000000000000000e+00	7.960285017057264767e-01
1.000000000000000000e+00	9.839937333559461985e-01
1.000000000000000000e+00	1.460591056108571539e+00
0.000000000000000000e+00	-2.121559578754854403e-02
0.000000000000000000e+00	-6.615770125346916997e-01
1.000000000000000000e+00	1.292233142744362295e+00
0.000000000000000000e+00	6.825175847513439420e-01
1.000000000000000000e+00	6.274791855281716124e-01
1.000000000000000000e+00	6.073051146403646294e-01
1.000000000000000000e+00	6.928310156178637547e-01
0.000000000000000000e+00	-1.389329238329037874e-01
1.000000000000000000e+00	9.002728482694539736e-01
1.000000000000000000e+00	8.225073159285267721e-01
0.000000000000000000e+00	1.571409604787990799e-01
1.000000000000000000e+00	9.271461004144843088e-01
0.000000000000000000e+00	8.381911611288703212e-02
1.000000000000000000e+00	5.479726900789796407e-01
0.000000000000000000e+00	4.459126354113489010e-01
0.000000000000000000e+00	5.412225526880212745e-02
1.000000000000000000e+00	9.593980301714600811e-01
0.000000000000000000e+00	6.896377636815629319e-01
0.000000000000000000e+00	4.943237309567470317e-01
0.000000000000000000e+00	8.800481088254547002e-01
1.000000000000000000e+00	1.002151660289962720e+00
1.000000000000000000e+00	7.641732564043408615e-01
1.000000000000000000e+00	1.584588490359469359e+00
1.000000000000000000e+00	8.490249179410616076e-01
0.000000000000000000e+00	3.962642969210585231e-01
1.000000000000000000e+00	5.829253464825352449e-01
1.000000000000000000e+00	1.092493178302542223e+00
0.000000000000000000e+00	3.157995204607746409e-01
1.000000000000000000e+00	5.731913915827763217e-01
1.000000000000000000e+00	1.174834893857425344e+00
1.000000000000000000e+00	1.607076506137737060e-01
0.000000000000000000e+00	1.818874138434009302e-01
0.000000000000000000e+00	2.227925140759389189e-01
0.000000000000000000e+00	5.852253726417587787e-01
1.000000000000000000e+00	7.100900342797753506e-01
0.000000000000000000e+00	3.245442360324479747e-01
0.000000000000000000e+00	1.346843919961127067e-01
1.000000000000000000e+00	1.736992539420304293e+00
0.000000000000000000e+00	5.848104535842643115e-01
0.000000000000000000e+00	4.230760543509683447e-01
1.000000000000000000e+00	7.475906950525323946e-01
1.000000000000000000e+00	5.021283841696253525e-01
1.000000000000000000e+00	7.348046910319009362e-01
1.000000000000000000e+00	1.258806676789283152e+00
1.000000000000000000e+00	7.099614393949215119e-01
1.000000000000000000e+00	3.108210816075823724e-01
1.000000000000000000e+00	1.113974834395271563e+00
1.000000000000000000e+00	7.608261142783284692e-01
0.000000000000000000e+00	4.069540252340708708e-01
1.000000000000000000e+00	1.027751108705722727e+00
1.000000000000000000e+00	4.626994389624298765e-01
1.000000000000000000e+00	1.156769452254832409e+00
1.000000000000000000e+00	1.305693047295441334e+00
0.000000000000000000e+00	3.696750920180286726e-01
1.000000000000000000e+00	1.157796199865505304e+00
1.000000000000000000e+00	4.963827111680180204e-01
0.000000000000000000e+00	3.160552566581431577e-01
1.000000000000000000e+00	8.123550658041728267e-01
0.000000000000000000e+00	2.513526871252952932e-01
0.000000000000000000e+00	6.931872107422808460e-01
0.000000000000000000e+00	-8.668701505992194856e-02
1.000000000000000000e+00	1.402538411922239714e+00
1.000000000000000000e+00	4.823623080518162354e-01
1.000000000000000000e+00	1.326430008875555400e+00
1.000000000000000000e+00	7.796130772415725829e-01
0.000000000000000000e+00	1.597138444424371084e-01
0.000000000000000000e+00	2.501146020193201203e-01
0.000000000000000000e+00	5.382151209211015752e-01
0.000000000000000000e+00	1.056036379169919964e-01
1.000000000000000000e+00	4.958487298494414497e-01
1.000000000000000000e+00	9.800615006978646848e-01
0.000000000000000000e+00	3.428508212432983954e-02
1.000000000000000000e+00	8.720002608687883461e-01
0.000000000000000000e+00	-3.052318197748979389e-01
1.000000000000000000e+00	4.313395987174699076e-01
1.000000000000000000e+00	5.943626421919389058e-01
0.000000000000000000e+00	1.456793482401171902e-01
0.000000000000000000e+00	-1.356538048775014216e-01
0.000000000000000000e+00	5.702111590634222349e-01
1.000000000000000000e+00	1.477978944609781076e+00
1.000000000000000000e+00	4.558313744019933389e-01
1.000000000000000000e+00	5.629066131556522690e-01
1.000000000000000000e+00	1.420674111365382686e+00
0.000000000000000000e+00	-7.586520758384265872e-02
1.000000000000000000e+00	4.933554701561755351e-01
1.000000000000000000e+00	5.438234140802196137e-01
0.000000000000000000e+00	2.706155027404189006e-01
1.000000000000000000e+00	7.056948137088576711e-01
1.000000000000000000e+00	1.162893063376474245e+00
1.000000000000000000e+00	1.100596735577784369e+00
0.000000000000000000e+00	-5.720855001927832584e-01
1.000000000000000000e+00	8.278858842101237681e-01
0.000000000000000000e+00	3.768373760817222418e-01
1.000000000000000000e+00	6.712904159216133149e-01
0.000000000000000000e+00	7.382600873544862274e-01
0.000000000000000000e+00	4.040632686840585630e-01
1.000000000000000000e+00	5.028665760017584363e-01
1.000000000000000000e+00	8.632111096948220652e-01
1.000000000000000000e+00	9.881991892472051786e-01
0.000000000000000000e+00	3.469737686502334939e-01
0.000000000000000000e+00	6.107600220314570727e-01
0.000000000000000000e+00	-2.690674735244942828e-01
1.000000000000000000e+00	6.490967991710061558e-01
0.000000000000000000e+00	-1.559311750627751791e-01
0.000000000000000000e+00	4.198617184702765903e-01
1.000000000000000000e+00	9.916767593983005780e-01
1.000000000000000000e+00	4.283878776225497620e-01
0.000000000000000000e+00	-1.565842839960042698e-01
1.000000000000000000e+00	1.209964901677045956e+00
1.000000000000000000e+00	1.363696568486954863e+00
0.000000000000000000e+00	2.411583500224128429e-01
0.000000000000000000e+00	3.364493977073510500e-01
1.000000000000000000e+00	4.746742536320474604e-01
1.000000000000000000e+00	9.695023378839134898e-01
0.000000000000000000e+00	4.458571238194585229e-01
1.000000000000000000e+00	8.110331651819472354e-01
0.000000000000000000e+00	3.994365191838085138e-01
1.000000000000000000e+00	1.029277265940117703e+00
0.000000000000000000e+00	3.256309497347795179e-01
0.000000000000000000e+00	-1.584877761745729086e-01
0.000000000000000000e+00	3.111257319558536349e-01
1.000000000000000000e+00	9.552696044048203383e-01
1.000000000000000000e+00	9.044237086741074849e-01
1.000000000000000000e+00	9.316500134492790020e-01
1.000000000000000000e+00	9.227979580326587383e-01
0.000000000000000000e+00	6.230616943320863577e-01
1.000000000000000000e+00	1.104538224531493640e+00
1.000000000000000000e+00	8.884613644050041170e-01
1.000000000000000000e+00	4.430176763471087020e-01
0.000000000000000000e+00	3.321792457986240676e-01
1.000000000000000000e+00	4.453469607433256927e-01
0.000000000000000000e+00	3.347004895719076223e-01
0.000000000000000000e+00	1.250064146460596048e-01
1.000000000000000000e+00	1.221282211988084621e+00
0.000000000000000000e+00	5.066386305592802675e-01
1.000000000000000000e+00	8.768735958446358669e-01
1.000000000000000000e+00	4.407648149718700892e-01
0.000000000000000000e+00	9.391467493361789487e-02
1.000000000000000000e+00	9.163092738946597704e-01
0.000000000000000000e+00	2.444242140758457957e-03
0.000000000000000000e+00	7.372942132192710218e-01
1.000000000000000000e+00	7.829684815062274428e-01
1.000000000000000000e+00	4.711425508023364128e-01
1.000000000000000000e+00	1.044581008559713364e+00
1.000000000000000000e+00	1.018696597840367257e+00
0.000000000000000000e+00	4.872648327067974350e-01
1.000000000000000000e+00	9.203743989771843159e-01
0.000000000000000000e+00	4.688460795921998714e-01
0.000000000000000000e+00	4.862143934553174451e-02
1.000000000000000000e+00	1.343509029317109693e+00
0.000000000000000000e+00	8.267216658589331135e-02
1.000000000000000000e+00	7.122015517798355733e-01
0.000000000000000000e+00	1.349262311896692601e-01
0.000000000000000000e+00	3.854316384523500116e-01
0.000000000000000000e+00	4.716875087004784861e-01
0.000000000000000000e+00	4.369382450340589252e-03
1.000000000000000000e+00	9.014732273116393690e-01
1.000000000000000000e+00	1.033257333394235200e+00
0.000000000000000000e+00	-8.911662800137871987e-02
0.000000000000000000e+00	4.090034596513233422e-01
0.000000000000000000e+00	1.269276663116172821e-01
0.000000000000000000e+00	8.162909893069435208e-02
0.000000000000000000e+00	-2.549944744577999911e-01
0.000000000000000000e+00	3.923979953205453119e-01
1.000000000000000000e+00	9.980878933090998606e-01
0.000000000000000000e+00	-2.397598502194496495e-01
0.000000000000000000e+00	5.602218635476322733e-02
1.000000000000000000e+00	7.029060352330716022e-01
0.000000000000000000e+00	6.786130084549960584e-01
1.000000000000000000e+00	8.383750430766152562e-01
1.000000000000000000e+00	7.224795191278018391e-01
1.000000000000000000e+00	1.761813304307194850e+00
1.000000000000000000e+00	1.093830783868762202e+00
1.000000000000000000e+00	3.986362596905569933e-01
1.000000000000000000e+00	8.379145586841171278e-01
1.000000000000000000e+00	3.084935981157130858e-01
0.000000000000000000e+00	5.933220131176150103e-01
1.000000000000000000e+00	1.426859637330264441e+00
1.000000000000000000e+00	4.685179442892990487e-01
1.000000000000000000e+00	7.700685118403514107e-01
1.000000000000000000e+00	1.038920110783421391e+00
0.000000000000000000e+00	3.967436421944148806e-01
1.000000000000000000e+00	1.165696811395960930e+00
1.000000000000000000e+00	5.289738901415624861e-01
0.000000000000000000e+00	5.213961422854915817e-01
0.000000000000000000e+00	5.823492010827813203e-01
0.000000000000000000e+00	-9.222168451905177200e-02
1.000000000000000000e+00	4.538022662082168979e-01
1.000000000000000000e+00	5.835220800613662995e-01
1.000000000000000000e+00	8.716366175605940736e-01
1.000000000000000000e+00	2.556197238366730851e-01
0.000000000000000000e+00	9.775620278702427945e-02
1.000000000000000000e+00	9.783356747088773897e-01
1.000000000000000000e+00	3.899246133624323929e-01
0.000000000000000000e+00	4.932394717855359545e-01
0.000000000000000000e+00	6.796341220927425431e-01
1.000000000000000000e+00	4.187940868052458798e-01
0.000000000000000000e+00	7.039031867737603754e-02
0.000000000000000000e+00	2.275636393147848213e-01
1.000000000000000000e+00	8.674778326290064623e-01
0.000000000000000000e+00	1.235267465595719372e-01
1.000000000000000000e+00	7.375906754541667887e-01
0.000000000000000000e+00	1.527990871855771926e-01
1.000000000000000000e+00	5.160408330539844046e-01
1.000000000000000000e+00	6.729441346365621079e-01
0.000000000000000000e+00	2.378486506115122801e-01
1.000000000000000000e+00	7.535577290050886612e-01
1.000000000000000000e+00	9.315840277634864774e-01
0.000000000000000000e+00	1.787397433185932971e-01
0.000000000000000000e+00	3.684494414647184746e-01
1.000000000000000000e+00	1.336471222108717383e+00
1.000000000000000000e+00	8.038244901373473583e-01
1.000000000000000000e+00	6.463150458200302984e-01
1.000000000000000000e+00	1.538324436237599180e+00
0.000000000000000000e+00	-8.854128921636275629e-02
0.000000000000000000e+00	-2.563920723693638992e-01
1.000000000000000000e+00	4.827563628032887078e-01
1.000000000000000000e+00	5.559863181707374036e-01
0.000000000000000000e+00	7.605978561709283436e-01
1.000000000000000000e+00	1.034300794255195388e+00
0.000000000000000000e+00	2.394348875421390133e-01
0.000000000000000000e+00	-3.190025868185647484e-01
0.000000000000000000e+00	5.765400961974079808e-01
0.000000000000000000e+00	2.567106677534140569e-01
0.000000000000000000e+00	-2.283784671858787585e-01
0.000000000000000000e+00	3.023139959653033393e-01
0.000000000000000000e+00	4.072096193524030183e-01
0.000000000000000000e+00	7.480314194936088512e-01
0.000000000000000000e+00	5.975410604851510987e-01
1.000000000000000000e+00	1.055763721536433719e+00
0.000000000000000000e+00	1.378287058817534994e-01
1.000000000000000000e+00	1.020761392734532924e+00
0.000000000000000000e+00	-3.596028356781583168e-01
0.000000000000000000e+00	4.792468904094075999e-01
0.000000000000000000e+00	1.895188038042368295e-01
1.000000000000000000e+00	7.546603066792778591e-01
1.000000000000000000e+00	4.222299220301816147e-01
1.000000000000000000e+00	8.652097772690628963e-01
0.000000000000000000e+00	4.729300771483205268e-01
1.000000000000000000e+00	2.838107130747515860e-01
0.000000000000000000e+00	4.117975799822150007e-01
0.000000000000000000e+00	-1.233526054604952016e-01
1.000000000000000000e+00	1.100027312987343908e+00
0.000000000000000000e+00	7.312253127541204489e-02
0.000000000000000000e+00	-7.827281954510515449e-01
1.000000000000000000e+00	1.525484181774466041e-01
0.000000000000000000e+00	2.321828486007752879e-01
1.000000000000000000e+00	5.090593719282056062e-01
1.000000000000000000e+00	1.034767698130636404e+00
0.000000000000000000e+00	4.541220288539364880e-01
1.000000000000000000e+00	1.120608283836785901e+00
0.000000000000000000e+00	6.489744961200563100e-01
1.000000000000000000e+00	1.210551458375920930e+00
1.000000000000000000e+00	8.166473571846828428e-01
0.000000000000000000e+00	-4.127336010052490983e-02
1.000000000000000000e+00	6.644856074710565608e-01
0.000000000000000000e+00	3.898267640550837632e-01
1.000000000000000000e+00	7.117179870803107544e-01
1.000000000000000000e+00	5.593059557211693678e-01
1.000000000000000000e+00	1.262229836726773913e+00
0.000000000000000000e+00	5.497150494788334285e-01
1.000000000000000000e+00	9.866718643249968723e-01
0.000000000000000000e+00	2.949068542742468851e-02
0.000000000000000000e+00	5.397449254406873065e-01
1.000000000000000000e+00	4.127968221427674722e-01
0.000000000000000000e+00	4.211603433250837303e-01
1.000000000000000000e+00	1.420179439301512136e+00
0.000000000000000000e+00	2.800194552746383958e-01
0.000000000000000000e+00	2.795922540380202936e-01
1.000000000000000000e+00	1.023203498207089002e+00
0.000000000000000000e+00	6.269409592704549006e-01
1.000000000000000000e+00	9.447000963319652778e-01
1.000000000000000000e+00	4.243708729863668871e-01
1.000000000000000000e+00	7.851965326911651832e-01
0.000000000000000000e+00	2.686206827394411190e-01
1.000000000000000000e+00	8.284466401088812493e-01
1.000000000000000000e+00	6.366760224059461182e-01
1.000000000000000000e+00	6.168955410803325101e-01
0.000000000000000000e+00	1.654659887375209693e-01
1.000000000000000000e+00	1.421698915129369079e+00
0.000000000000000000e+00	-9.846652251206267081e-02
1.000000000000000000e+00	6.728809896266829682e-01
0.000000000000000000e+00	5.217206671337969448e-01
1.000000000000000000e+00	9.914134015500565278e-01
1.000000000000000000e+00	1.381134889633422791e+00
1.000000000000000000e+00	5.177380111666697315e-01
0.000000000000000000e+00	2.438774746308425279e-02
1.000000000000000000e+00	6.706998440145914842e-01
0.000000000000000000e+00	3.636591289811600958e-01
0.000000000000000000e+00	3.587744811251719623e-01
0.000000000000000000e+00	-5.595638906023718551e-02
1.000000000000000000e+00	3.300136788983255576e-01
1.000000000000000000e+00	1.093257377905799688e+00
0.000000000000000000e+00	2.264778663007173398e-01
1.000000000000000000e+00	1.194479075559454762e+00
1.000000000000000000e+00	7.936947007079075966e-01
0.000000000000000000e+00	4.463111619910508643e-01
1.000000000000000000e+00	9.746383958725962637e-01
0.000000000000000000e+00	2.271188825093614638e-01
1.000000000000000000e+00	8.402807762714288309e-01
1.000000000000000000e+00	1.055200416479029624e+00
1.000000000000000000e+00	1.198313692997471591e+00
1.000000000000000000e+00	8.081999573208553667e-01
1.000000000000000000e+00	9.872533678599630935e-01
1.000000000000000000e+00	4.873105039083486800e-01
1.000000000000000000e+00	1.199750225089381228e+00
1.000000000000000000e+00	5.979921878033245264e-01
1.000000000000000000e+00	5.586226852567268697e-01
1.000000000000000000e+00	1.069340452134257324e+00
0.000000000000000000e+00	7.017069648559668416e-01
1.000000000000000000e+00	7.050891549057792806e-01
0.000000000000000000e+00	5.991681694953970849e-01
0.000000000000000000e+00	2.497234898628031829e-01
0.000000000000000000e+00	-6.013911395851596620e-01
0.000000000000000000e+00	-2.706010632545706104e-02
