1.000000000000000000e+00	9.038506210024181975e-01
1.000000000000000000e+00	7.437648109442043243e-01
0.000000000000000000e+00	-9.787978357285900821e-02
1.000000000000000000e+00	5.940892765514363960e-01
0.000000000000000000e+00	-2.432763910944378549e-02
0.000000000000000000e+00	2.191648687749409019e-01
0.000000000000000000e+00	4.048797499494037888e-01
1.000000000000000000e+00	4.392895065457707027e-01
1.000000000000000000e+00	7.411608431345866332e-01
1.000000000000000000e+00	6.242493542585740851e-01
0.000000000000000000e+00	9.520824493007826184e-02
0.000000000000000000e+00	3.442225590874194441e-01
0.000000000000000000e+00	4.060335680822344528e-01
1.000000000000000000e+00	7.413593913319002082e-01
1.000000000000000000e+00	2.709626595418178074e-01
0.000000000000000000e+00	1.012622419456151029e-01
1.000000000000000000e+00	9.353091810653567650e-01
1.000000000000000000e+00	5.141584046649785300e-01
0.000000000000000000e+00	-3.767488773906821908e-01
1.000000000000000000e+00	7.286543011930607383e-01
0.000000000000000000e+00	-1.708287602302646091e-01
0.000000000000000000e+00	2.470415849396486729e-01
1.000000000000000000e+00	1.121982771878753615e+00
0.000000000000000000e+00	5.666281369556379621e-01
0.000000000000000000e+00	-1.809269833259134763e-01
0.000000000000000000e+00	1.194069535110684338e-01
1.000000000000000000e+00	9.324598704719800901e-01
0.000000000000000000e+00	-1.317257222972894881e-01
1.000000000000000000e+00	1.232647155822589990e+00
1.000000000000000000e+00	6.073971256618737602e-01
1.000000000000000000e+00	6.343764192887326736e-01
0.000000000000000000e+00	-1.745866781066582329e-01
1.000000000000000000e+00	9.697248995523283233e-01
1.000000000000000000e+00	7.475291151802705425e-01
1.000000000000000000e+00	6.380536844301831767e-01
1.000000000000000000e+00	5.269698167947143297e-01
1.000000000000000000e+00	6.621470032057706900e-01
1.000000000000000000e+00	9.411497903810667198e-01
0.000000000000000000e+00	-1.199388806395254442e-01
1.000000000000000000e+00	5.982763131122725841e-01
1.000000000000000000e+00	1.104471546200850307e+00
1.000000000000000000e+00	6.188217384761434126e-01
1.000000000000000000e+00	9.734360433771671595e-01
0.000000000000000000e+00	3.777778638493430319e-01
0.000000000000000000e+00	3.912889881157072813e-01
0.000000000000000000e+00	5.087664868822022735e-01
1.000000000000000000e+00	1.190424534969611203e+00
0.000000000000000000e+00	7.323069669840528984e-02
1.000000000000000000e+00	6.308552639917319738e-01
1.000000000000000000e+00	9.326702399761827023e-01
1.000000000000000000e+00	7.407028557622281628e-01
0.000000000000000000e+00	2.663621750622441886e-01
0.000000000000000000e+00	5.006498542318996714e-01
0.000000000000000000e+00	4.444886162476684444e-01
0.000000000000000000e+00	3.359709237517684577e-01
1.000000000000000000e+00	1.079828782881198324e+00
0.000000000000000000e+00	3.473928475072277644e-01
1.000000000000000000e+00	7.369509151733095731e-01
1.000000000000000000e+00	1.218214040798593301e+00
1.000000000000000000e+00	4.197255625196081308e-01
1.000000000000000000e+00	1.657021445676528870e+00
1.000000000000000000e+00	8.191679240576756893e-01
0.000000000000000000e+00	-1.299126414063876515e-02
1.000000000000000000e+00	1.114387843932912237e+00
1.000000000000000000e+00	7.972072745949790873e-01
0.000000000000000000e+00	1.118321991010191585e-01
0.000000000000000000e+00	-1.192589430795781696e-01
0.000000000000000000e+00	2.955993356692781515e-01
0.000000000000000000e+00	-2.094690743959251311e-01
0.000000000000000000e+00	2.732482349685877998e-01
1.000000000000000000e+00	4.070034429856958513e-01
0.000000000000000000e+00	-1.533645762384372446e-01
1.000000000000000000e+00	3.857522811240928218e-01
1.000000000000000000e+00	6.740971182430169906e-01
0.000000000000000000e+00	9.927407631307412494e-02
1.000000000000000000e+00	6.688967609212084220e-01
0.000000000000000000e+00	-3.135325429014074738e-01
1.000000000000000000e+00	7.414418870575600895e-01
0.000000000000000000e+00	-1.206088270045023447e-01
0.000000000000000000e+00	1.727146011390486569e-01
0.000000000000000000e+00	4.670566081590846741e-01
1.000000000000000000e+00	1.015824743320036028e+00
0.000000000000000000e+00	-6.334815105707732041e-02
0.000000000000000000e+00	1.180015050933329451e-01
1.000000000000000000e+00	7.471089006798212750e-01
0.000000000000000000e+00	-9.064741945976680093e-02
0.000000000000000000e+00	4.054016897308265754e-01
0.000000000000000000e+00	1.068566145953527557e-01
0.000000000000000000e+00	-3.061253652962521166e-01
0.000000000000000000e+00	2.724803655411555670e-01
0.000000000000000000e+00	4.232281378955783935e-01
0.000000000000000000e+00	1.169354497918575903e-01
0.000000000000000000e+00	2.787045952483618305e-01
0.000000000000000000e+00	4.737316410768979691e-01
0.000000000000000000e+00	1.441305266959454212e-01
1.000000000000000000e+00	8.600080656588970918e-01
1.000000000000000000e+00	5.947781269472797172e-01
0.000000000000000000e+00	-1.347477373101452040e-02
0.000000000000000000e+00	7.100381454978581947e-03
0.000000000000000000e+00	2.692046936893556786e-01
0.000000000000000000e+00	-1.514773880532450934e-01
1.000000000000000000e+00	1.114363273329922022e+00
1.000000000000000000e+00	8.006374106987834693e-01
1.000000000000000000e+00	8.971004255371133329e-01
1.000000000000000000e+00	1.032500365381721297e+00
1.000000000000000000e+00	7.561999965500866283e-01
1.000000000000000000e+00	4.763325141569831889e-01
0.000000000000000000e+00	4.135117502696783465e-01
1.000000000000000000e+00	8.976814964378749817e-01
1.000000000000000000e+00	6.591407795852155527e-01
1.000000000000000000e+00	6.550017774262467674e-01
0.000000000000000000e+00	9.539894904049715796e-02
0.000000000000000000e+00	3.576900111394871185e-01
1.000000000000000000e+00	6.856727188889488733e-01
1.000000000000000000e+00	8.742174469893281286e-01
1.000000000000000000e+00	9.932879090459174609e-01
0.000000000000000000e+00	5.567009229862766029e-01
1.000000000000000000e+00	8.751827429876465336e-01
0.000000000000000000e+00	4.702107602747487292e-01
0.000000000000000000e+00	3.362072001972335467e-01
1.000000000000000000e+00	1.102568106879572296e+00
0.000000000000000000e+00	4.944776459207806951e-01
1.000000000000000000e+00	4.463001803336507090e-01
1.000000000000000000e+00	9.085856838597839991e-01
0.000000000000000000e+00	-1.701297525420987500e-01
1.000000000000000000e+00	1.100116773215990884e+00
1.000000000000000000e+00	6.963768651880696270e-01
0.000000000000000000e+00	2.431941600336884057e-01
0.000000000000000000e+00	-2.257467910506364694e-01
1.000000000000000000e+00	7.178361065844180988e-01
0.000000000000000000e+00	7.387792343508924331e-01
0.000000000000000000e+00	4.116580934176019557e-01
0.000000000000000000e+00	-3.198837832742983389e-01
0.000000000000000000e+00	4.899669752168024361e-01
0.000000000000000000e+00	1.222981952634315389e-01
0.000000000000000000e+00	-2.676956393804214365e-02
0.000000000000000000e+00	5.197851338015077038e-01
1.000000000000000000e+00	6.666409957404414444e-01
1.000000000000000000e+00	7.517760422599798487e-01
0.000000000000000000e+00	5.506011397991094070e-01
1.000000000000000000e+00	4.361026067019405650e-01
0.000000000000000000e+00	1.259993341869903791e-02
0.000000000000000000e+00	6.401278598294426470e-01
0.000000000000000000e+00	4.321317040437797075e-01
0.000000000000000000e+00	2.583412959343748261e-01
0.000000000000000000e+00	2.744812153115132602e-01
1.000000000000000000e+00	7.169305586928070850e-01
1.000000000000000000e+00	6.920170755644846627e-01
1.000000000000000000e+00	7.287977149008736388e-01
1.000000000000000000e+00	6.521546390252038750e-01
1.000000000000000000e+00	4.204147088336808724e-01
1.000000000000000000e+00	1.041258204129031473e+00
1.000000000000000000e+00	8.481822622489039176e-01
0.000000000000000000e+00	4.101430760864070435e-01
1.000000000000000000e+00	5.756464677672734620e-01
0.000000000000000000e+00	4.599413698292635910e-01
0.000000000000000000e+00	4.387336707478236009e-01
0.000000000000000000e+00	8.978149653388350915e-02
1.000000000000000000e+00	1.104364210841531913e+00
0.000000000000000000e+00	1.006776803041899288e-01
0.000000000000000000e+00	2.371836540601656718e-01
0.000000000000000000e+00	3.554600103149009871e-01
1.000000000000000000e+00	7.273679835378102920e-01
0.000000000000000000e+00	1.819162509148660734e-01
0.000000000000000000e+00	4.345655286541242335e-01
1.000000000000000000e+00	7.094081161233550814e-01
1.000000000000000000e+00	5.516890015523918667e-01
0.000000000000000000e+00	2.641440218542220886e-01
1.000000000000000000e+00	9.182677748656505878e-01
1.000000000000000000e+00	9.420380706359506862e-01
0.000000000000000000e+00	4.007696000589990315e-01
0.000000000000000000e+00	5.919697605651920158e-01
1.000000000000000000e+00	5.700820826254762164e-01
0.000000000000000000e+00	1.482334555398029108e-01
1.000000000000000000e+00	6.759288470318226549e-01
0.000000000000000000e+00	3.702799574857368325e-01
0.000000000000000000e+00	3.842604418650818476e-01
0.000000000000000000e+00	3.313590103801868358e-01
0.000000000000000000e+00	1.304138633648364298e-01
1.000000000000000000e+00	9.010006799659751042e-01
0.000000000000000000e+00	2.539461350048536903e-01
1.000000000000000000e+00	4.591524773014218908e-01
1.000000000000000000e+00	1.157309491803518275e+00
1.000000000000000000e+00	1.497034177756229933e+00
1.000000000000000000e+00	3.623311444288190297e-01
0.000000000000000000e+00	3.188639296232365639e-01
0.000000000000000000e+00	5.535363892092263205e-01
1.000000000000000000e+00	1.277190492420698043e+00
1.000000000000000000e+00	5.967660339859303109e-01
0.000000000000000000e+00	3.931360498702040074e-01
0.000000000000000000e+00	2.883867817145303603e-01
1.000000000000000000e+00	6.941411573745367436e-01
0.000000000000000000e+00	3.544789419260353514e-01
0.000000000000000000e+00	1.924008269986339226e-01
1.000000000000000000e+00	6.547423055271411885e-01
1.000000000000000000e+00	1.246825947272391932e+00
1.000000000000000000e+00	1.252457258097208204e+00
0.000000000000000000e+00	3.492367263262037280e-01
1.000000000000000000e+00	7.637732362663383068e-01
0.000000000000000000e+00	1.313270835406711856e-01
0.000000000000000000e+00	4.205765401127610215e-01
1.000000000000000000e+00	1.031876763676546016e+00
1.000000000000000000e+00	8.878009558850019634e-01
1.000000000000000000e+00	7.131595081464445762e-01
1.000000000000000000e+00	6.878005201343403430e-01
0.000000000000000000e+00	3.035806548771851632e-01
1.000000000000000000e+00	4.285029371927929764e-01
1.000000000000000000e+00	4.634145288018454711e-01
0.000000000000000000e+00	6.400481376789493027e-01
1.000000000000000000e+00	1.100947915046865289e+00
0.000000000000000000e+00	-2.143144886840175067e-01
1.000000000000000000e+00	7.160683239196572458e-01
0.000000000000000000e+00	1.445651181585155820e-01
0.000000000000000000e+00	1.767111209373421754e-01
1.000000000000000000e+00	8.759287408263760621e-01
1.000000000000000000e+00	1.291201490558875786e+00
1.000000000000000000e+00	4.982686138594065173e-01
0.000000000000000000e+00	4.016261572062423402e-01
1.000000000000000000e+00	1.069526805153216076e+00
0.000000000000000000e+00	-3.510285213408580463e-01
1.000000000000000000e+00	5.095008696792903136e-01
1.000000000000000000e+00	1.052914827687049026e+00
1.000000000000000000e+00	7.390383819967989432e-01
0.000000000000000000e+00	1.108985112247872079e-01
1.000000000000000000e+00	1.153569631102089099e+00
1.000000000000000000e+00	1.107668700345280310e+00
0.000000000000000000e+00	3.717118547903813797e-01
1.000000000000000000e+00	9.709013154397975187e-01
0.000000000000000000e+00	3.419373281316682167e-01
0.000000000000000000e+00	6.431558920372300037e-01
1.000000000000000000e+00	7.467519980309949013e-01
1.000000000000000000e+00	8.179790817066495690e-01
0.000000000000000000e+00	2.458606258086389051e-01
0.000000000000000000e+00	1.267719048931437442e-01
1.000000000000000000e+00	1.188470411472225541e+00
1.000000000000000000e+00	5.135542207124630387e-01
0.000000000000000000e+00	5.515907232558925344e-01
1.000000000000000000e+00	7.839151762107228194e-01
0.000000000000000000e+00	3.427328744710199659e-01
1.000000000000000000e+00	1.231927391604012101e+00
1.000000000000000000e+00	1.071055271376678331e+00
0.000000000000000000e+00	5.365856637433840115e-01
0.000000000000000000e+00	2.114288640136231245e-01
1.000000000000000000e+00	1.591101375388548123e+00
1.000000000000000000e+00	5.582274684180377200e-01
1.000000000000000000e+00	8.980448773454290379e-01
0.000000000000000000e+00	4.248116108722868045e-01
1.000000000000000000e+00	1.502553757558817038e+00
1.000000000000000000e+00	5.609682073423249982e-01
1.000000000000000000e+00	6.662100692875124741e-01
1.000000000000000000e+00	9.835396040489069458e-01
1.000000000000000000e+00	6.213393451241290277e-01
0.000000000000000000e+00	1.434774778690338648e-01
1.000000000000000000e+00	6.080334387930149687e-01
0.000000000000000000e+00	2.127980693959660163e-01
1.000000000000000000e+00	7.260456315184206089e-01
0.000000000000000000e+00	-5.593604732688636227e-01
0.000000000000000000e+00	2.222884598132787159e-01
1.000000000000000000e+00	8.051029919987803263e-01
1.000000000000000000e+00	6.442003020358190168e-01
0.000000000000000000e+00	2.594723990662791691e-01
1.000000000000000000e+00	5.550704474692351731e-01
0.000000000000000000e+00	4.236373161724114045e-01
1.000000000000000000e+00	1.134624005739905295e+00
0.000000000000000000e+00	5.194221305984398906e-01
0.000000000000000000e+00	8.276872592755521452e-02
1.000000000000000000e+00	5.361370516461453350e-01
1.000000000000000000e+00	7.193622040250822192e-01
0.000000000000000000e+00	1.473169568969437682e-01
1.000000000000000000e+00	7.439658402974179685e-01
1.000000000000000000e+00	1.186490063064985057e+00
1.000000000000000000e+00	8.566167616076580948e-01
0.000000000000000000e+00	3.775029721401889082e-01
1.000000000000000000e+00	8.238383936857558432e-01
1.000000000000000000e+00	4.355182654892627014e-01
0.000000000000000000e+00	5.605263766656458646e-01
1.000000000000000000e+00	1.545429075212784609e+00
1.000000000000000000e+00	9.338672516904719112e-01
1.000000000000000000e+00	1.130108745072444298e+00
0.000000000000000000e+00	3.715624668261418018e-01
0.000000000000000000e+00	2.498436360997054462e-01
1.000000000000000000e+00	9.722838840450427345e-01
1.000000000000000000e+00	9.348543304264999021e-01
0.000000000000000000e+00	-3.592208951817238982e-01
1.000000000000000000e+00	4.590374586236542487e-01
1.000000000000000000e+00	1.100214327441952911e+00
1.000000000000000000e+00	1.348995304090138569e+00
1.000000000000000000e+00	6.472129661489364194e-01
0.000000000000000000e+00	4.516804735303019958e-01
0.000000000000000000e+00	-2.214033864493818449e-01
1.000000000000000000e+00	1.715492376699212729e+00
1.000000000000000000e+00	7.413953857718108553e-01
1.000000000000000000e+00	6.088510304413871088e-01
1.000000000000000000e+00	6.267711479869426672e-01
1.000000000000000000e+00	1.322423461295361369e+00
1.000000000000000000e+00	9.194926394884599397e-01
0.000000000000000000e+00	5.343974421830691712e-01
0.000000000000000000e+00	2.314341670728447264e-01
0.000000000000000000e+00	6.792234700714423756e-02
1.000000000000000000e+00	5.125498865859373643e-01
1.000000000000000000e+00	6.021234444203106273e-01
0.000000000000000000e+00	6.466063761253960651e-01
0.000000000000000000e+00	2.131352023127900952e-01
0.000000000000000000e+00	2.193870461291451759e-03
0.000000000000000000e+00	7.557554914481005026e-01
0.000000000000000000e+00	3.534547049843517752e-01
0.000000000000000000e+00	3.190848460655762997e-01
0.000000000000000000e+00	1.561504223291595161e-01
0.000000000000000000e+00	1.711445861139879732e-01
0.000000000000000000e+00	1.478787467853251436e-01
0.000000000000000000e+00	2.876850190697648468e-01
0.000000000000000000e+00	4.426706833169832822e-01
0.000000000000000000e+00	2.543873117045444832e-01
0.000000000000000000e+00	1.364089657351411078e-01
1.000000000000000000e+00	1.088123949344372621e+00
0.000000000000000000e+00	-1.990444535628051737e-01
1.000000000000000000e+00	6.649061055907091733e-01
1.000000000000000000e+00	5.618509755917874271e-01
1.000000000000000000e+00	1.103111963019451913e+00
0.000000000000000000e+00	3.091737284152747955e-01
0.000000000000000000e+00	3.892095101379114963e-01
0.000000000000000000e+00	2.585069115351058544e-01
0.000000000000000000e+00	4.628239897091678823e-01
0.000000000000000000e+00	4.119317070813191539e-01
0.000000000000000000e+00	5.460239440452079318e-01
0.000000000000000000e+00	-7.939964720835657186e-02
1.000000000000000000e+00	1.684126253962195507e+00
0.000000000000000000e+00	-3.096055730024004360e-01
1.000000000000000000e+00	8.397619036116322766e-01
0.000000000000000000e+00	-1.637316768707557380e-01
1.000000000000000000e+00	4.810638258400911083e-01
1.000000000000000000e+00	9.176089328518567401e-01
0.000000000000000000e+00	5.688390321086703727e-01
1.000000000000000000e+00	5.325142335145544026e-01
1.000000000000000000e+00	1.304662326636815139e+00
1.000000000000000000e+00	8.158551686044591689e-01
0.000000000000000000e+00	1.279701875194908245e-01
1.000000000000000000e+00	8.580327499568938254e-01
1.000000000000000000e+00	1.225429027815345906e+00
0.000000000000000000e+00	-2.224996151104701725e-01
0.000000000000000000e+00	2.780117891099083693e-01
1.000000000000000000e+00	1.016562600339150579e+00
1.000000000000000000e+00	8.265809519713064324e-01
1.000000000000000000e+00	1.087510744791604145e+00
1.000000000000000000e+00	5.369124191167418125e-01
0.000000000000000000e+00	1.098289973643199191e-01
0.000000000000000000e+00	4.606622789124215772e-02
1.000000000000000000e+00	7.319116182435679852e-01
0.000000000000000000e+00	2.833469555563495335e-01
1.000000000000000000e+00	9.383849363566517665e-01
0.000000000000000000e+00	1.843184573691648287e-01
1.000000000000000000e+00	1.164925642713510401e+00
1.000000000000000000e+00	6.464313126708189916e-01
1.000000000000000000e+00	5.382062088983833315e-01
1.000000000000000000e+00	1.130190896384571486e+00
1.000000000000000000e+00	1.192106363599011676e+00
1.000000000000000000e+00	9.860001975169675470e-01
1.000000000000000000e+00	9.237997599820526595e-01
0.000000000000000000e+00	2.002008669179914657e-01
1.000000000000000000e+00	1.075308751748693226e+00
0.000000000000000000e+00	3.004246381146290501e-01
1.000000000000000000e+00	6.296013842526484439e-01
0.000000000000000000e+00	4.069284513143741622e-01
1.000000000000000000e+00	3.574449464494353079e-01
0.000000000000000000e+00	6.249087394617728330e-01
1.000000000000000000e+00	9.531368966412366861e-01
0.000000000000000000e+00	2.864735399565391250e-01
1.000000000000000000e+00	7.899098328669578173e-01
0.000000000000000000e+00	-2.653328070727032917e-01
1.000000000000000000e+00	6.222867315853176651e-01
0.000000000000000000e+00	1.660380029350435327e-01
0.000000000000000000e+00	4.652309084011425622e-01
0.000000000000000000e+00	-1.119688134933690821e-01
1.000000000000000000e+00	7.206676351296787963e-01
1.000000000000000000e+00	6.968214341681807644e-01
1.000000000000000000e+00	8.788784594389030813e-01
1.000000000000000000e+00	4.447692569025625264e-01
0.000000000000000000e+00	-2.896734729486429294e-01
0.000000000000000000e+00	1.847128973708387634e-01
1.000000000000000000e+00	8.398786361006240764e-01
0.000000000000000000e+00	4.459807019971069875e-01
0.000000000000000000e+00	3.245690912284148189e-01
1.000000000000000000e+00	6.682976821085111485e-01
1.000000000000000000e+00	6.766156186591530952e-01
1.000000000000000000e+00	6.122632264261012036e-01
1.000000000000000000e+00	7.312297724247361908e-01
1.000000000000000000e+00	3.982565337859161336e-01
1.000000000000000000e+00	5.982842279537690100e-01
1.000000000000000000e+00	6.464028859305940289e-01
1.000000000000000000e+00	5.203835217588507200e-01
1.000000000000000000e+00	8.140933869014762569e-01
0.000000000000000000e+00	-1.243052843494864418e-01
0.000000000000000000e+00	-5.404064995404536109e-01
1.000000000000000000e+00	1.151216082933600893e+00
1.000000000000000000e+00	1.166616060635655039e+00
1.000000000000000000e+00	5.988385849900007551e-01
0.000000000000000000e+00	-1.004911792179625507e-01
0.000000000000000000e+00	2.448768383125010939e-01
0.000000000000000000e+00	2.504456639108937344e-01
0.000000000000000000e+00	4.812441101804456473e-02
0.000000000000000000e+00	7.329482180177347705e-02
0.000000000000000000e+00	5.753964051799738133e-01
1.000000000000000000e+00	6.988008017961766516e-01
1.000000000000000000e+00	7.748201737134953193e-01
1.000000000000000000e+00	5.980464721910399017e-01
0.000000000000000000e+00	1.210274431788411209e-01
1.000000000000000000e+00	7.392667784686621779e-01
1.000000000000000000e+00	3.828440432268692684e-01
1.000000000000000000e+00	5.950687797064240225e-01
1.000000000000000000e+00	4.702879795774859706e-01
0.000000000000000000e+00	5.365516212703170806e-01
0.000000000000000000e+00	-6.791023973141445402e-02
1.000000000000000000e+00	1.025039192876717298e+00
1.000000000000000000e+00	4.429414992391568218e-01
0.000000000000000000e+00	6.062326060521153748e-01
0.000000000000000000e+00	3.047174699413497390e-01
0.000000000000000000e+00	2.420075957268424255e-02
0.000000000000000000e+00	6.326740951151622605e-01
1.000000000000000000e+00	8.094039095503151593e-01
0.000000000000000000e+00	3.699166276948181453e-01
0.000000000000000000e+00	1.504628617872836027e-01
1.000000000000000000e+00	4.610558134624461180e-01
1.000000000000000000e+00	1.375498211413821226e+00
1.000000000000000000e+00	9.984756072107848768e-01
0.000000000000000000e+00	-2.949482224894400262e-01
1.000000000000000000e+00	9.370660313577465761e-01
0.000000000000000000e+00	4.054001457194679747e-01
0.000000000000000000e+00	8.384103768297465620e-02
1.000000000000000000e+00	5.722593365558288347e-01
1.000000000000000000e+00	8.277637298388150766e-01
0.000000000000000000e+00	1.013022705347739194e-01
1.000000000000000000e+00	5.292815588605429555e-01
0.000000000000000000e+00	3.409273332575576965e-02
1.000000000000000000e+00	1.066054764145839551e+00
0.000000000000000000e+00	3.118242578919711572e-01
1.000000000000000000e+00	9.341556606621677084e-01
0.000000000000000000e+00	4.071531111877092490e-01
0.000000000000000000e+00	2.182418889790597727e-01
1.000000000000000000e+00	8.223313639967638755e-01
1.000000000000000000e+00	6.918316681384192313e-01
0.000000000000000000e+00	1.196050654240732453e-01
0.000000000000000000e+00	2.575170662357956219e-01
0.000000000000000000e+00	6.488094612389566640e-02
0.000000000000000000e+00	2.507731198444613785e-01
0.000000000000000000e+00	4.135539748180876440e-01
0.000000000000000000e+00	3.126187759534578836e-01
0.000000000000000000e+00	3.142101762951637900e-01
0.000000000000000000e+00	-1.794648371127691988e-01
0.000000000000000000e+00	1.631228586154565285e-01
1.000000000000000000e+00	1.195248177027716352e+00
0.000000000000000000e+00	9.015673157998922715e-02
0.000000000000000000e+00	4.128555816678475821e-01
0.000000000000000000e+00	2.633706617939053363e-01
1.000000000000000000e+00	8.718267379907002068e-01
0.000000000000000000e+00	2.683834522270264200e-01
1.000000000000000000e+00	5.759965201670204094e-01
1.000000000000000000e+00	7.652657935744192619e-01
0.000000000000000000e+00	2.937304003376726147e-01
0.000000000000000000e+00	-4.474425230659824504e-02
1.000000000000000000e+00	7.259130236942253900e-01
1.000000000000000000e+00	3.790263988370404791e-01
1.000000000000000000e+00	9.813595073246291767e-01
0.000000000000000000e+00	6.688735353865546962e-01
0.000000000000000000e+00	2.368713446998106653e-01
1.000000000000000000e+00	4.023153188828333948e-01
1.000000000000000000e+00	5.004572193000415004e-01
0.000000000000000000e+00	4.348731008542369159e-01
0.000000000000000000e+00	2.060208483490341413e-01
1.000000000000000000e+00	6.462627263386887533e-01
1.000000000000000000e+00	1.126725863968430108e+00
0.000000000000000000e+00	-2.369380360276420946e-02
1.000000000000000000e+00	1.238325382785629092e+00
0.000000000000000000e+00	1.076587783911453766e-01
1.000000000000000000e+00	1.213185120694358021e+00
1.000000000000000000e+00	7.017938413248694385e-01
1.000000000000000000e+00	1.373030793855242848e+00
1.000000000000000000e+00	6.224811395050755536e-01
1.000000000000000000e+00	6.180784639507806988e-01
1.000000000000000000e+00	1.034319863638303527e+00
1.000000000000000000e+00	9.948149493778568608e-01
0.000000000000000000e+00	2.212437159647298313e-01
0.000000000000000000e+00	3.271965819335385106e-01
1.000000000000000000e+00	9.359950300366813858e-01
1.000000000000000000e+00	9.104204360418465258e-01
1.000000000000000000e+00	7.591580342564943074e-01
0.000000000000000000e+00	5.366001633347780020e-01
0.000000000000000000e+00	4.603452779729984568e-01
0.000000000000000000e+00	9.185099562928999983e-02
1.000000000000000000e+00	6.296682789761093302e-01
0.000000000000000000e+00	-2.346726956539536557e-01
0.000000000000000000e+00	2.429728294643646036e-01
0.000000000000000000e+00	-4.929258158454232971e-03
0.000000000000000000e+00	4.085860549520283769e-01
0.000000000000000000e+00	5.212104923450949778e-01
0.000000000000000000e+00	2.037883044277236655e-01
1.000000000000000000e+00	9.009494812991802881e-01
0.000000000000000000e+00	4.806282540661365177e-01
1.000000000000000000e+00	1.019134745227873395e+00
1.000000000000000000e+00	6.967398684660173203e-01
1.000000000000000000e+00	8.111232334973901281e-01
0.000000000000000000e+00	-4.655009010934360592e-01
0.000000000000000000e+00	3.759397005870497577e-02
1.000000000000000000e+00	6.967758069779215191e-01
0.000000000000000000e+00	-1.057956786607709559e-01
1.000000000000000000e+00	8.170716223634548747e-01
0.000000000000000000e+00	-4.912523272954610540e-03
0.000000000000000000e+00	4.153955067684312330e-01
1.000000000000000000e+00	4.559297885996581035e-01
1.000000000000000000e+00	5.357701554515832409e-01
0.000000000000000000e+00	2.334878084165251111e-01
1.000000000000000000e+00	4.348935306352749164e-01
0.000000000000000000e+00	4.930658771079484137e-01
1.000000000000000000e+00	4.719960303079499542e-01
1.000000000000000000e+00	7.492048643308836242e-01
0.000000000000000000e+00	-5.630481723798368143e-02
0.000000000000000000e+00	4.202286644674542715e-01
1.000000000000000000e+00	7.100769036442418081e-01
0.000000000000000000e+00	1.395059177665345929e-01
1.000000000000000000e+00	3.587516622919127429e-01
0.000000000000000000e+00	-1.232760639680482023e-01
0.000000000000000000e+00	2.450457085468910057e-01
0.000000000000000000e+00	4.695756093664205100e-01
1.000000000000000000e+00	4.786439453318500625e-01
1.000000000000000000e+00	8.222837981610778835e-01
0.000000000000000000e+00	-6.714357600144642280e-02
0.000000000000000000e+00	1.134670892497493672e-01
0.000000000000000000e+00	-5.954558137585481692e-01
1.000000000000000000e+00	1.231405949978459091e+00
0.000000000000000000e+00	4.105104525328909237e-01
1.000000000000000000e+00	5.226792787746653568e-01
1.000000000000000000e+00	5.320075749430278611e-01
0.000000000000000000e+00	7.124200983256488984e-01
1.000000000000000000e+00	1.053594936883239574e+00
0.000000000000000000e+00	1.699010606579469396e-01
1.000000000000000000e+00	1.232028012140101270e+00
0.000000000000000000e+00	3.178718777585577970e-01
1.000000000000000000e+00	7.713470973202002368e-01
1.000000000000000000e+00	8.308774230573457986e-01
1.000000000000000000e+00	8.022770969307899680e-01
1.000000000000000000e+00	6.128315111283163530e-01
0.000000000000000000e+00	4.669417566417146115e-01
0.000000000000000000e+00	3.179137576935889276e-02
0.000000000000000000e+00	5.944256860366919915e-01
0.000000000000000000e+00	5.483787637610112314e-02
0.000000000000000000e+00	1.010804559830930788e-01
0.000000000000000000e+00	-3.859749363264793898e-01
1.000000000000000000e+00	8.308782285104634457e-01
1.000000000000000000e+00	1.230655515730275207e+00
1.000000000000000000e+00	7.071667240610552962e-01
0.000000000000000000e+00	3.073634677633849677e-01
0.000000000000000000e+00	1.793208799147920085e-01
1.000000000000000000e+00	6.321058360861973036e-01
0.000000000000000000e+00	2.523027928623556293e-01
0.000000000000000000e+00	6.410659260407638449e-01
1.000000000000000000e+00	1.013576127972918295e+00
0.000000000000000000e+00	3.478020421520436334e-01
1.000000000000000000e+00	6.631237843704598234e-01
0.000000000000000000e+00	3.231095778126208407e-01
0.000000000000000000e+00	-4.413231556325551419e-01
0.000000000000000000e+00	5.296712537741121718e-01
1.000000000000000000e+00	6.227350363278890688e-01
0.000000000000000000e+00	7.106410412600275284e-02
0.000000000000000000e+00	3.739773782548707071e-01
0.000000000000000000e+00	9.025031341498905568e-02
0.000000000000000000e+00	-3.400828585053516373e-01
1.000000000000000000e+00	8.670729819432444474e-01
0.000000000000000000e+00	-2.109383445843932697e-02
1.000000000000000000e+00	6.118346897549786778e-01
0.000000000000000000e+00	3.101561471018765559e-01
0.000000000000000000e+00	-3.061565875203217102e-01
0.000000000000000000e+00	3.005856309188786324e-01
0.000000000000000000e+00	-1.835967673291598323e-01
0.000000000000000000e+00	5.627280962245532342e-02
1.000000000000000000e+00	6.903300921838227966e-01
1.000000000000000000e+00	8.838175082038423058e-01
0.000000000000000000e+00	2.773133458005873075e-01
1.000000000000000000e+00	8.602984538301228223e-01
1.000000000000000000e+00	9.395369600678232791e-01
1.000000000000000000e+00	1.288827777442029365e+00
0.000000000000000000e+00	5.422309089907767499e-01
0.000000000000000000e+00	1.352431873596956699e-02
1.000000000000000000e+00	6.878799776052300086e-01
0.000000000000000000e+00	4.841633163335597456e-01
0.000000000000000000e+00	1.029172077402574631e-01
0.000000000000000000e+00	1.562526708527078867e-01
1.000000000000000000e+00	1.222584397760143604e+00
0.000000000000000000e+00	-1.892550768466486899e-01
1.000000000000000000e+00	1.001382901360276856e+00
1.000000000000000000e+00	8.594976041755348906e-01
1.000000000000000000e+00	6.002144669245206288e-01
1.000000000000000000e+00	7.804835282070253788e-01
0.000000000000000000e+00	4.494341530425358666e-01
0.000000000000000000e+00	1.649893575859590344e-01
0.000000000000000000e+00	2.555301444578645942e-01
1.000000000000000000e+00	6.634958971615815271e-01
1.000000000000000000e+00	9.832972868300233760e-01
0.000000000000000000e+00	2.912540866441810650e-01
0.000000000000000000e+00	-6.579735099862475678e-02
1.000000000000000000e+00	7.925186591745593256e-01
0.000000000000000000e+00	-3.362309376973250385e-01
0.000000000000000000e+00	1.439056403766631465e-01
0.000000000000000000e+00	3.888415330104377787e-02
1.000000000000000000e+00	5.420453694265039424e-01
0.000000000000000000e+00	-1.105972339669780702e-01
1.000000000000000000e+00	8.494938137905913011e-01
0.000000000000000000e+00	1.166830932668647264e-01
0.000000000000000000e+00	4.117652041549757502e-01
0.000000000000000000e+00	1.566780898329493410e-01
1.000000000000000000e+00	1.321366951291299108e+00
0.000000000000000000e+00	-9.921418645144061688e-02
0.000000000000000000e+00	4.166384415176747069e-01
1.000000000000000000e+00	6.326109919280826777e-01
1.000000000000000000e+00	7.218933728694656438e-01
0.000000000000000000e+00	4.307535072407266408e-01
1.000000000000000000e+00	1.245256521694297014e+00
1.000000000000000000e+00	1.366237545976113799e+00
0.000000000000000000e+00	2.946105765347518113e-01
1.000000000000000000e+00	1.210796913295921762e+00
1.000000000000000000e+00	7.335847645927141558e-01
0.000000000000000000e+00	4.521515618242527568e-01
0.000000000000000000e+00	2.020860060861640883e-01
0.000000000000000000e+00	5.020377680982568425e-01
1.000000000000000000e+00	5.625694210925913374e-01
0.000000000000000000e+00	3.305339197303828191e-01
0.000000000000000000e+00	-1.250578362447027081e-01
1.000000000000000000e+00	7.427145319724486328e-01
0.000000000000000000e+00	5.884830481706321281e-01
0.000000000000000000e+00	4.581017368383761279e-01
1.000000000000000000e+00	6.541852015015412469e-01
1.000000000000000000e+00	4.187202989379367746e-01
1.000000000000000000e+00	7.350263557024312444e-01
0.000000000000000000e+00	2.402775550034072227e-01
0.000000000000000000e+00	2.326723611916179935e-01
0.000000000000000000e+00	5.327122229528628017e-01
0.000000000000000000e+00	1.890706873046413272e-01
1.000000000000000000e+00	4.819999967609701064e-01
1.000000000000000000e+00	6.026822560113088700e-01
1.000000000000000000e+00	7.735293598705431650e-01
1.000000000000000000e+00	6.376164663916047415e-01
1.000000000000000000e+00	3.506958607870244715e-01
1.000000000000000000e+00	1.033611556565701139e+00
0.000000000000000000e+00	9.619583384331806958e-03
1.000000000000000000e+00	7.909598515627361826e-01
0.000000000000000000e+00	2.229903769101488353e-01
1.000000000000000000e+00	7.322446919083672734e-01
1.000000000000000000e+00	1.332389326833916421e+00
0.000000000000000000e+00	2.578107610431020769e-01
1.000000000000000000e+00	6.487436716304962880e-01
1.000000000000000000e+00	5.533639367925778929e-01
0.000000000000000000e+00	1.075700985101191026e-01
0.000000000000000000e+00	2.475714617249364091e-01
1.000000000000000000e+00	7.082469913492838165e-01
1.000000000000000000e+00	1.101314691964042858e+00
1.000000000000000000e+00	4.397973494517070647e-01
0.000000000000000000e+00	3.503474794762873046e-02
0.000000000000000000e+00	6.031567448769081796e-01
1.000000000000000000e+00	1.297339934945572759e+00
0.000000000000000000e+00	1.396668097045264956e-01
1.000000000000000000e+00	2.855031632823088472e-01
1.000000000000000000e+00	9.833443233971121966e-01
0.000000000000000000e+00	7.117703811690678783e-01
0.000000000000000000e+00	2.410863171768566349e-01
1.000000000000000000e+00	8.745581066619155797e-01
0.000000000000000000e+00	-4.943578049284128029e-02
0.000000000000000000e+00	3.925529026953054612e-01
1.000000000000000000e+00	4.398450431815346673e-01
0.000000000000000000e+00	4.469947320872678653e-01
0.000000000000000000e+00	6.993524480468745752e-01
1.000000000000000000e+00	8.590940471197453521e-01
0.000000000000000000e+00	-3.322153569014332786e-02
1.000000000000000000e+00	5.052177896590580586e-01
1.000000000000000000e+00	6.678056408453261206e-01
1.000000000000000000e+00	1.374901198329223417e+00
1.000000000000000000e+00	4.120163173776973942e-01
1.000000000000000000e+00	5.909337140708773584e-01
0.000000000000000000e+00	-3.495025848764367615e-01
1.000000000000000000e+00	4.861721224667402419e-01
0.000000000000000000e+00	2.499960190325322129e-01
1.000000000000000000e+00	9.599823463678336388e-01
1.000000000000000000e+00	7.395556517356056681e-01
1.000000000000000000e+00	5.414561742512965514e-01
1.000000000000000000e+00	5.521236702852346800e-01
1.000000000000000000e+00	7.925138640083857489e-01
1.000000000000000000e+00	6.975552997175866743e-01
1.000000000000000000e+00	1.132281236721721873e+00
0.000000000000000000e+00	-2.658175764953555897e-01
0.000000000000000000e+00	-5.172932810169927897e-01
1.000000000000000000e+00	1.061251125546330609e+00
0.000000000000000000e+00	6.745849244846890969e-01
1.000000000000000000e+00	8.695057732162075892e-01
1.000000000000000000e+00	6.973796189711330973e-01
1.000000000000000000e+00	6.777686609781966576e-01
0.000000000000000000e+00	-1.683590796885760590e-02
1.000000000000000000e+00	1.008719824737104087e+00
1.000000000000000000e+00	6.252052714890102836e-01
0.000000000000000000e+00	3.209569039231957022e-01
1.000000000000000000e+00	9.373153217362597545e-01
0.000000000000000000e+00	3.090692804878769073e-01
1.000000000000000000e+00	6.850080263928007840e-01
0.000000000000000000e+00	2.715693980633118176e-01
0.000000000000000000e+00	-1.215370884076064639e-01
1.000000000000000000e+00	1.013385789211413535e+00
0.000000000000000000e+00	1.489793175804991765e-01
0.000000000000000000e+00	4.548742648826509249e-01
0.000000000000000000e+00	6.131692873177626568e-01
1.000000000000000000e+00	1.165774353328330681e+00
1.000000000000000000e+00	5.391581260560515121e-01
1.000000000000000000e+00	1.715059329668634280e+00
1.000000000000000000e+00	9.727860764855106313e-01
0.000000000000000000e+00	3.078620186551010995e-01
1.000000000000000000e+00	9.428837357403645481e-01
1.000000000000000000e+00	9.923600149743148080e-01
0.000000000000000000e+00	3.765763518713481917e-01
1.000000000000000000e+00	7.137978798547459647e-01
1.000000000000000000e+00	9.662942620889292122e-01
1.000000000000000000e+00	4.368602446571301368e-01
0.000000000000000000e+00	3.403543411261102936e-01
0.000000000000000000e+00	3.053140083955286910e-01
0.000000000000000000e+00	3.552114396076920255e-01
1.000000000000000000e+00	5.870363433405461073e-01
0.000000000000000000e+00	1.390370792057651628e-01
0.000000000000000000e+00	2.084118080313157872e-01
1.000000000000000000e+00	1.392377665099332251e+00
0.000000000000000000e+00	4.529716249716935206e-01
0.000000000000000000e+00	3.713800920614320766e-01
1.000000000000000000e+00	7.039562787822047918e-01
1.000000000000000000e+00	6.259240079863543915e-01
1.000000000000000000e+00	8.355898693680968714e-01
1.000000000000000000e+00	1.122271304786769841e+00
1.000000000000000000e+00	8.706114174604104861e-01
1.000000000000000000e+00	5.871480635641554979e-01
1.000000000000000000e+00	8.740657152605935121e-01
1.000000000000000000e+00	8.033240328018186327e-01
0.000000000000000000e+00	3.994061740691077778e-01
1.000000000000000000e+00	1.054746663685394381e+00
1.000000000000000000e+00	5.865056123807661503e-01
1.000000000000000000e+00	9.495746643764541028e-01
1.000000000000000000e+00	9.339846793893907817e-01
0.000000000000000000e+00	2.826631857383182234e-01
1.000000000000000000e+00	8.060959073315364654e-01
1.000000000000000000e+00	9.362249077450012225e-01
0.000000000000000000e+00	1.547032990686940668e-01
1.000000000000000000e+00	7.893244486882747823e-01
0.000000000000000000e+00	2.511877011356760114e-01
0.000000000000000000e+00	3.658429272817901312e-01
0.000000000000000000e+00	-1.618450287220268291e-01
1.000000000000000000e+00	1.447645115888804401e+00
1.000000000000000000e+00	4.490452987414330077e-01
1.000000000000000000e+00	1.164191298926943841e+00
1.000000000000000000e+00	5.625444119192707371e-01
0.000000000000000000e+00	2.054918131437859230e-01
0.000000000000000000e+00	4.015679631171865938e-02
0.000000000000000000e+00	3.503666828988897253e-01
0.000000000000000000e+00	9.628280099129127301e-02
1.000000000000000000e+00	6.596986362037287055e-01
1.000000000000000000e+00	9.187191234553950814e-01
0.000000000000000000e+00	-5.054715308438759158e-02
1.000000000000000000e+00	9.036750801243704778e-01
0.000000000000000000e+00	-4.438002771848640338e-01
1.000000000000000000e+00	7.011493809702975533e-01
1.000000000000000000e+00	6.507555599073174823e-01
0.000000000000000000e+00	8.327446445596591029e-02
0.000000000000000000e+00	-1.915462054364633626e-01
0.000000000000000000e+00	5.320123510169629810e-01
1.000000000000000000e+00	1.169852237376718618e+00
1.000000000000000000e+00	6.317905810144395229e-01
1.000000000000000000e+00	5.178209707878239643e-01
1.000000000000000000e+00	1.217657551256787096e+00
0.000000000000000000e+00	1.006027950800118947e-01
1.000000000000000000e+00	4.247173065799332847e-01
1.000000000000000000e+00	5.682619935934127842e-01
0.000000000000000000e+00	3.539257139311109968e-01
1.000000000000000000e+00	7.921325238048730899e-01
1.000000000000000000e+00	9.590447989069115220e-01
1.000000000000000000e+00	9.348691894828434767e-01
0.000000000000000000e+00	-5.026916486097581238e-01
1.000000000000000000e+00	7.643429956327036923e-01
0.000000000000000000e+00	3.702632890119824105e-01
1.000000000000000000e+00	5.517490973200217530e-01
0.000000000000000000e+00	5.594183249880620989e-01
0.000000000000000000e+00	4.468372535916715904e-01
1.000000000000000000e+00	3.308402512916510108e-01
1.000000000000000000e+00	9.828104931908011599e-01
1.000000000000000000e+00	9.572977679612594271e-01
0.000000000000000000e+00	3.124421681470863632e-01
0.000000000000000000e+00	5.081306470724290536e-01
0.000000000000000000e+00	-1.032452765788067772e-01
1.000000000000000000e+00	6.991662715655998506e-01
0.000000000000000000e+00	9.930288059892701524e-02
0.000000000000000000e+00	4.428108056863167552e-01
1.000000000000000000e+00	7.979406329527960473e-01
1.000000000000000000e+00	4.410517621770997931e-01
0.000000000000000000e+00	6.061484639143956132e-02
1.000000000000000000e+00	9.671470113121946044e-01
1.000000000000000000e+00	1.220507149796955071e+00
0.000000000000000000e+00	3.017334293496642950e-01
0.000000000000000000e+00	-2.867859948546148952e-02
1.000000000000000000e+00	5.887033437085521514e-01
1.000000000000000000e+00	7.309511917251594326e-01
0.000000000000000000e+00	5.063322263958671687e-01
1.000000000000000000e+00	8.181744288449784852e-01
0.000000000000000000e+00	2.629902163970506135e-01
1.000000000000000000e+00	7.089418718349849158e-01
0.000000000000000000e+00	2.439416490062322473e-01
0.000000000000000000e+00	1.254938494797865067e-01
0.000000000000000000e+00	4.443606381693726015e-01
1.000000000000000000e+00	8.355062517869804584e-01
1.000000000000000000e+00	9.735051805676241399e-01
1.000000000000000000e+00	8.368831207336405731e-01
1.000000000000000000e+00	6.876631812695611634e-01
0.000000000000000000e+00	4.200425956971638453e-01
1.000000000000000000e+00	8.764738781584237026e-01
1.000000000000000000e+00	7.855795668618000827e-01
1.000000000000000000e+00	8.069035535496926759e-01
0.000000000000000000e+00	3.276440914420172268e-01
1.000000000000000000e+00	3.987862292345190629e-01
0.000000000000000000e+00	2.267958042948303166e-01
0.000000000000000000e+00	1.987215325984187375e-02
1.000000000000000000e+00	8.266463510751577148e-01
0.000000000000000000e+00	4.126226194704781247e-01
1.000000000000000000e+00	6.554654389536489489e-01
1.000000000000000000e+00	5.859013803936586884e-01
0.000000000000000000e+00	-6.511520095576756040e-02
1.000000000000000000e+00	7.848306960377279262e-01
0.000000000000000000e+00	2.579203505946887631e-01
0.000000000000000000e+00	3.239943199383423234e-01
1.000000000000000000e+00	7.307669019378824071e-01
1.000000000000000000e+00	5.257312390592667750e-01
1.000000000000000000e+00	1.091770879912917103e+00
1.000000000000000000e+00	1.082291666144240105e+00
0.000000000000000000e+00	6.230012025659397157e-01
1.000000000000000000e+00	7.951505884117746614e-01
0.000000000000000000e+00	3.219453121877633439e-01
0.000000000000000000e+00	-1.105161155637777309e-02
1.000000000000000000e+00	1.597374045279419841e+00
0.000000000000000000e+00	1.285251840880936858e-01
1.000000000000000000e+00	7.735430779528152945e-01
0.000000000000000000e+00	5.273035778121671485e-02
0.000000000000000000e+00	4.099582762500673105e-01
0.000000000000000000e+00	2.244046212658254158e-01
0.000000000000000000e+00	4.732448903187239792e-02
1.000000000000000000e+00	8.868397739171383076e-01
1.000000000000000000e+00	7.733617888941959340e-01
0.000000000000000000e+00	-1.073153015300182672e-01
0.000000000000000000e+00	2.285195692004780288e-01
0.000000000000000000e+00	2.341578532213555580e-02
0.000000000000000000e+00	2.923755821617287642e-01
0.000000000000000000e+00	-1.758617301601042571e-01
0.000000000000000000e+00	5.341481221631509957e-01
1.000000000000000000e+00	5.770768706624792577e-01
0.000000000000000000e+00	-5.127583185520490257e-03
0.000000000000000000e+00	8.857408090039416149e-02
1.000000000000000000e+00	7.879190471530087558e-01
0.000000000000000000e+00	5.294807551012874480e-01
1.000000000000000000e+00	8.389726272534345775e-01
1.000000000000000000e+00	7.710571160017164472e-01
1.000000000000000000e+00	1.646156098708773774e+00
1.000000000000000000e+00	9.765593731535640032e-01
1.000000000000000000e+00	5.581329177881583226e-01
1.000000000000000000e+00	8.601015233955996431e-01
1.000000000000000000e+00	3.957268921378667148e-01
0.000000000000000000e+00	3.348766118359948751e-01
1.000000000000000000e+00	1.331177868839220624e+00
1.000000000000000000e+00	5.114437946019427805e-01
1.000000000000000000e+00	5.494197893186889559e-01
1.000000000000000000e+00	1.131840275212360636e+00
0.000000000000000000e+00	4.846935354623810865e-01
1.000000000000000000e+00	1.091088532787232834e+00
1.000000000000000000e+00	7.922938813425164373e-01
0.000000000000000000e+00	5.101877252176958422e-01
0.000000000000000000e+00	3.561140478263785103e-01
0.000000000000000000e+00	1.717524573985328151e-01
1.000000000000000000e+00	7.166479083084538182e-01
1.000000000000000000e+00	8.140344375172133828e-01
1.000000000000000000e+00	9.791314128730109756e-01
1.000000000000000000e+00	4.090933413295719800e-01
0.000000000000000000e+00	-4.695657006219951246e-02
1.000000000000000000e+00	8.303819917963277675e-01
1.000000000000000000e+00	3.370543738527607136e-01
0.000000000000000000e+00	3.764432016941709480e-01
0.000000000000000000e+00	4.468499093331534389e-01
1.000000000000000000e+00	5.058429689121139994e-01
0.000000000000000000e+00	6.907238161318245140e-02
0.000000000000000000e+00	-2.904554207836617663e-01
1.000000000000000000e+00	7.736411457585273821e-01
0.000000000000000000e+00	1.507197548544076393e-01
1.000000000000000000e+00	8.648469133736093051e-01
0.000000000000000000e+00	3.204044892389700805e-01
1.000000000000000000e+00	4.227087375572419758e-01
1.000000000000000000e+00	6.695317150125691397e-01
0.000000000000000000e+00	1.491727004727259887e-01
1.000000000000000000e+00	8.450333220282748581e-01
1.000000000000000000e+00	8.264940254154869992e-01
0.000000000000000000e+00	3.921091177720895105e-01
0.000000000000000000e+00	1.319158929900448030e-01
1.000000000000000000e+00	1.210659008402086956e+00
1.000000000000000000e+00	5.683065264122991733e-01
1.000000000000000000e+00	7.021570795878145921e-01
1.000000000000000000e+00	1.425913977790262965e+00
0.000000000000000000e+00	1.834986083815223074e-02
0.000000000000000000e+00	-5.368674642718659212e-02
1.000000000000000000e+00	7.503211528986812873e-01
1.000000000000000000e+00	5.717565756601378224e-01
0.000000000000000000e+00	3.942219860290927524e-01
1.000000000000000000e+00	1.178606446636695004e+00
0.000000000000000000e+00	1.677654484956679626e-01
0.000000000000000000e+00	-6.380277172311760170e-02
0.000000000000000000e+00	5.170030043920865737e-01
0.000000000000000000e+00	5.382780144655686660e-01
0.000000000000000000e+00	2.248586624711218229e-01
0.000000000000000000e+00	4.255019632734002855e-01
0.000000000000000000e+00	5.094676965368870603e-01
0.000000000000000000e+00	7.259202937513605791e-01
0.000000000000000000e+00	6.432195231804712643e-01
1.000000000000000000e+00	9.794844373872497734e-01
0.000000000000000000e+00	2.143942132814866952e-01
1.000000000000000000e+00	1.044169299763206160e+00
0.000000000000000000e+00	-3.301029876288211762e-01
0.000000000000000000e+00	2.648468883670349605e-01
0.000000000000000000e+00	3.276251085573722577e-02
1.000000000000000000e+00	8.701403925528912175e-01
1.000000000000000000e+00	6.148042745549664456e-01
1.000000000000000000e+00	7.814570157450067001e-01
0.000000000000000000e+00	4.402197004405238867e-01
1.000000000000000000e+00	4.894244166208306934e-01
0.000000000000000000e+00	4.190680425026447331e-01
0.000000000000000000e+00	4.912346049013611299e-02
1.000000000000000000e+00	1.248341341227455326e+00
0.000000000000000000e+00	2.440407574437271354e-01
0.000000000000000000e+00	-4.995179654145930348e-01
1.000000000000000000e+00	3.131010582429479827e-01
0.000000000000000000e+00	3.783490723838885961e-01
1.000000000000000000e+00	4.662221555056055844e-01
1.000000000000000000e+00	8.493066351573193007e-01
0.000000000000000000e+00	3.539198519229588280e-01
1.000000000000000000e+00	1.168144346909186337e+00
0.000000000000000000e+00	4.871567482381159997e-01
1.000000000000000000e+00	7.558699096712526710e-01
1.000000000000000000e+00	9.682430620654260967e-01
0.000000000000000000e+00	6.268723341688120509e-02
1.000000000000000000e+00	5.183837597056207835e-01
0.000000000000000000e+00	4.064204961211334566e-01
1.000000000000000000e+00	4.738557882603449678e-01
1.000000000000000000e+00	6.675992580374547902e-01
1.000000000000000000e+00	1.470549704344862096e+00
0.000000000000000000e+00	3.606918364398161159e-01
1.000000000000000000e+00	1.251308080327311334e+00
0.000000000000000000e+00	-2.047398298315261100e-01
0.000000000000000000e+00	5.677675073566729180e-01
1.000000000000000000e+00	4.370385708127483282e-01
0.000000000000000000e+00	4.164620209477885582e-01
1.000000000000000000e+00	1.227599733820053718e+00
0.000000000000000000e+00	1.122705349035630906e-01
0.000000000000000000e+00	2.972410159647954075e-01
1.000000000000000000e+00	1.038595360932548894e+00
0.000000000000000000e+00	5.285726266600685452e-01
1.000000000000000000e+00	9.050163584249207860e-01
1.000000000000000000e+00	6.035202836901532031e-01
1.000000000000000000e+00	6.998530707971293285e-01
0.000000000000000000e+00	3.625669220659339387e-01
1.000000000000000000e+00	7.095980417831262432e-01
1.000000000000000000e+00	6.728068183451957340e-01
1.000000000000000000e+00	7.555748325094170381e-01
0.000000000000000000e+00	1.756434026751956257e-01
1.000000000000000000e+00	1.092214066291073982e+00
0.000000000000000000e+00	-9.473025036963998724e-02
1.000000000000000000e+00	7.115329225667054169e-01
0.000000000000000000e+00	2.666935915433133464e-01
1.000000000000000000e+00	8.472249952942753071e-01
1.000000000000000000e+00	1.234282062568760940e+00
1.000000000000000000e+00	7.805777174445852618e-01
0.000000000000000000e+00	2.431747120195514866e-01
1.000000000000000000e+00	5.090663499236536271e-01
0.000000000000000000e+00	1.341025027844217066e-01
0.000000000000000000e+00	3.532623280419073253e-01
0.000000000000000000e+00	1.521294474706713640e-02
1.000000000000000000e+00	6.337505680899196969e-01
1.000000000000000000e+00	1.015885785595694646e+00
0.000000000000000000e+00	1.379072076027042237e-01
1.000000000000000000e+00	1.154686655029841580e+00
1.000000000000000000e+00	7.300252256586854394e-01
0.000000000000000000e+00	5.815187056533601684e-01
1.000000000000000000e+00	1.002813651560525932e+00
0.000000000000000000e+00	1.488217976928096209e-01
1.000000000000000000e+00	1.089401737276704196e+00
1.000000000000000000e+00	1.115176661993508400e+00
1.000000000000000000e+00	1.317424531291615519e+00
1.000000000000000000e+00	5.531369590255438284e-01
1.000000000000000000e+00	7.240493705829678106e-01
1.000000000000000000e+00	5.202438794474090189e-01
1.000000000000000000e+00	1.288408508365524119e+00
1.000000000000000000e+00	9.369925581233382594e-01
1.000000000000000000e+00	5.904551919109534142e-01
1.000000000000000000e+00	8.482005110447825569e-01
0.000000000000000000e+00	5.972380038889569809e-01
1.000000000000000000e+00	7.082346439530293747e-01
0.000000000000000000e+00	4.730394644354793954e-01
0.000000000000000000e+00	3.001509110322049811e-01
0.000000000000000000e+00	-8.589125386609964830e-01
0.000000000000000000e+00	2.350108725804136711e-01
