1.000000000000000000e+00	9.024678676774755548e-01
1.000000000000000000e+00	7.422279631955794876e-01
0.000000000000000000e+00	-9.998066823622286936e-02
1.000000000000000000e+00	5.910527050138845162e-01
0.000000000000000000e+00	-2.742276496423739010e-02
0.000000000000000000e+00	2.171157771967648920e-01
0.000000000000000000e+00	4.031639174343494281e-01
1.000000000000000000e+00	4.362365359286718980e-01
1.000000000000000000e+00	7.391487242580203620e-01
1.000000000000000000e+00	6.219562811498877686e-01
0.000000000000000000e+00	9.177350171870557460e-02
0.000000000000000000e+00	3.429439717313295111e-01
0.000000000000000000e+00	4.028495769209234911e-01
1.000000000000000000e+00	7.397033356433281304e-01
1.000000000000000000e+00	2.690313079433461763e-01
0.000000000000000000e+00	9.950782519288899064e-02
1.000000000000000000e+00	9.328130298879853122e-01
1.000000000000000000e+00	5.125994037188631447e-01
0.000000000000000000e+00	-3.807197436552676173e-01
1.000000000000000000e+00	7.259899345374202229e-01
0.000000000000000000e+00	-1.722367359026169553e-01
0.000000000000000000e+00	2.446605629557354611e-01
1.000000000000000000e+00	1.119560815604695447e+00
0.000000000000000000e+00	5.637362997900027262e-01
0.000000000000000000e+00	-1.814995906586579222e-01
0.000000000000000000e+00	1.170890466510825789e-01
1.000000000000000000e+00	9.303566608173442498e-01
0.000000000000000000e+00	-1.336403014590803184e-01
1.000000000000000000e+00	1.229031334111616802e+00
1.000000000000000000e+00	6.040624038593925826e-01
1.000000000000000000e+00	6.320786683951473695e-01
0.000000000000000000e+00	-1.779232819713851832e-01
1.000000000000000000e+00	9.678916699390394118e-01
1.000000000000000000e+00	7.441379670034677929e-01
1.000000000000000000e+00	6.356269870655707477e-01
1.000000000000000000e+00	5.246144729294734965e-01
1.000000000000000000e+00	6.596410756865556113e-01
1.000000000000000000e+00	9.407008315900980966e-01
0.000000000000000000e+00	-1.218917535484879411e-01
1.000000000000000000e+00	5.963002650711444197e-01
1.000000000000000000e+00	1.103090299134221519e+00
1.000000000000000000e+00	6.162208987398021254e-01
1.000000000000000000e+00	9.708032187764235044e-01
0.000000000000000000e+00	3.747972956123289401e-01
0.000000000000000000e+00	3.888303183353201131e-01
0.000000000000000000e+00	5.048939358853115067e-01
1.000000000000000000e+00	1.188177053587372578e+00
0.000000000000000000e+00	7.108265956485679271e-02
1.000000000000000000e+00	6.299088496075975208e-01
1.000000000000000000e+00	9.298663186108665490e-01
1.000000000000000000e+00	7.385362166237791071e-01
0.000000000000000000e+00	2.624158133473694088e-01
0.000000000000000000e+00	4.974345554136468950e-01
0.000000000000000000e+00	4.409519042465364080e-01
0.000000000000000000e+00	3.339500005432985974e-01
1.000000000000000000e+00	1.078118044599249092e+00
0.000000000000000000e+00	3.446805562131191603e-01
1.000000000000000000e+00	7.351630716502343121e-01
1.000000000000000000e+00	1.217229266369309393e+00
1.000000000000000000e+00	4.163111896040613824e-01
1.000000000000000000e+00	1.656698283139361738e+00
1.000000000000000000e+00	8.165602931519485574e-01
0.000000000000000000e+00	-1.646314714754526162e-02
1.000000000000000000e+00	1.112753185509640197e+00
1.000000000000000000e+00	7.935893881582098963e-01
0.000000000000000000e+00	1.104824436904568025e-01
0.000000000000000000e+00	-1.217727057663883367e-01
0.000000000000000000e+00	2.936895177981983518e-01
0.000000000000000000e+00	-2.117416174347072633e-01
0.000000000000000000e+00	2.695262110997765359e-01
1.000000000000000000e+00	4.062015367352492246e-01
0.000000000000000000e+00	-1.552206236119095528e-01
1.000000000000000000e+00	3.847632082606635695e-01
1.000000000000000000e+00	6.708446216651167138e-01
0.000000000000000000e+00	9.759293831635273975e-02
1.000000000000000000e+00	6.662560180483765304e-01
0.000000000000000000e+00	-3.153824519739540921e-01
1.000000000000000000e+00	7.383652667835093331e-01
0.000000000000000000e+00	-1.222516492145230144e-01
0.000000000000000000e+00	1.691367288743662600e-01
0.000000000000000000e+00	4.632198876622326544e-01
1.000000000000000000e+00	1.015028917035062150e+00
0.000000000000000000e+00	-6.597211573293318421e-02
0.000000000000000000e+00	1.143684184068398807e-01
1.000000000000000000e+00	7.441107241552475937e-01
0.000000000000000000e+00	-9.345235130442397509e-02
0.000000000000000000e+00	4.032064244927743846e-01
0.000000000000000000e+00	1.046493983761879049e-01
0.000000000000000000e+00	-3.098420647889156831e-01
0.000000000000000000e+00	2.699255266534371644e-01
0.000000000000000000e+00	4.218181234052808537e-01
0.000000000000000000e+00	1.142448024862334488e-01
0.000000000000000000e+00	2.764460519986269849e-01
0.000000000000000000e+00	4.735522087588821538e-01
0.000000000000000000e+00	1.410128382118260304e-01
1.000000000000000000e+00	8.580741512978531382e-01
1.000000000000000000e+00	5.933235673830633550e-01
0.000000000000000000e+00	-1.638404322875171987e-02
0.000000000000000000e+00	4.482420199875694101e-03
0.000000000000000000e+00	2.671975607567875777e-01
0.000000000000000000e+00	-1.549243923031619896e-01
1.000000000000000000e+00	1.111310290234243547e+00
1.000000000000000000e+00	7.995580568786420095e-01
1.000000000000000000e+00	8.942121021745289555e-01
1.000000000000000000e+00	1.031002171529512124e+00
1.000000000000000000e+00	7.527116226759180684e-01
1.000000000000000000e+00	4.738654304083712021e-01
0.000000000000000000e+00	4.118190441978222260e-01
1.000000000000000000e+00	8.955422822410941119e-01
1.000000000000000000e+00	6.567554665639963041e-01
1.000000000000000000e+00	6.520640571359628268e-01
0.000000000000000000e+00	9.295816774567461360e-02
0.000000000000000000e+00	3.549416055536331882e-01
1.000000000000000000e+00	6.823210440695366419e-01
1.000000000000000000e+00	8.708355467901252034e-01
1.000000000000000000e+00	9.896550932242983434e-01
0.000000000000000000e+00	5.537797502232686409e-01
1.000000000000000000e+00	8.724104043708785783e-01
0.000000000000000000e+00	4.662061145235549264e-01
0.000000000000000000e+00	3.354013328563421048e-01
1.000000000000000000e+00	1.100395644556654062e+00
0.000000000000000000e+00	4.916880800238567772e-01
1.000000000000000000e+00	4.444635134060621606e-01
1.000000000000000000e+00	9.069119459039008957e-01
0.000000000000000000e+00	-1.711598693719368902e-01
1.000000000000000000e+00	1.097765530336227480e+00
1.000000000000000000e+00	6.944665626757771104e-01
0.000000000000000000e+00	2.404248569297421090e-01
0.000000000000000000e+00	-2.281806686137644036e-01
1.000000000000000000e+00	7.141785685642890735e-01
0.000000000000000000e+00	7.355619824691450592e-01
0.000000000000000000e+00	4.090809908128941741e-01
0.000000000000000000e+00	-3.225876400194306326e-01
0.000000000000000000e+00	4.878368077389259039e-01
0.000000000000000000e+00	1.188388700080466598e-01
0.000000000000000000e+00	-2.968634365933259592e-02
0.000000000000000000e+00	5.172501874704057423e-01
1.000000000000000000e+00	6.642494915925157839e-01
1.000000000000000000e+00	7.494454163806774094e-01
0.000000000000000000e+00	5.473991807169402701e-01
1.000000000000000000e+00	4.352066180285146801e-01
0.000000000000000000e+00	1.017649542322563404e-02
0.000000000000000000e+00	6.368763988166161738e-01
0.000000000000000000e+00	4.286466511822997205e-01
0.000000000000000000e+00	2.557909315043629950e-01
0.000000000000000000e+00	2.717263246940878618e-01
1.000000000000000000e+00	7.140907729863434916e-01
1.000000000000000000e+00	6.891588237739252332e-01
1.000000000000000000e+00	7.250620278429581456e-01
1.000000000000000000e+00	6.501252250742176608e-01
1.000000000000000000e+00	4.173191774426537326e-01
1.000000000000000000e+00	1.040022294511482093e+00
1.000000000000000000e+00	8.456835803301097076e-01
0.000000000000000000e+00	4.084767990774882396e-01
1.000000000000000000e+00	5.730593826050770501e-01
0.000000000000000000e+00	4.570219983214344750e-01
0.000000000000000000e+00	4.360222927839016993e-01
0.000000000000000000e+00	8.697075033516786513e-02
1.000000000000000000e+00	1.102226254542796768e+00
0.000000000000000000e+00	9.766786996247384112e-02
0.000000000000000000e+00	2.352543145962160964e-01
0.000000000000000000e+00	3.534360051656834645e-01
1.000000000000000000e+00	7.254504619731459991e-01
0.000000000000000000e+00	1.798097752821604112e-01
0.000000000000000000e+00	4.325453556935894284e-01
1.000000000000000000e+00	7.065667410715683605e-01
1.000000000000000000e+00	5.488002194412975321e-01
0.000000000000000000e+00	2.622244563533617789e-01
1.000000000000000000e+00	9.156715869708366151e-01
1.000000000000000000e+00	9.407343566600494533e-01
0.000000000000000000e+00	3.987082127298207657e-01
0.000000000000000000e+00	5.901257918398424840e-01
1.000000000000000000e+00	5.675234423549286866e-01
0.000000000000000000e+00	1.449855445417576605e-01
1.000000000000000000e+00	6.727132461512426165e-01
0.000000000000000000e+00	3.677605507408807650e-01
0.000000000000000000e+00	3.797595047124869283e-01
0.000000000000000000e+00	3.284354992967565834e-01
0.000000000000000000e+00	1.279703002461575478e-01
1.000000000000000000e+00	8.978800045635039195e-01
0.000000000000000000e+00	2.492156903773594112e-01
1.000000000000000000e+00	4.577080551015653698e-01
1.000000000000000000e+00	1.155116365668633183e+00
1.000000000000000000e+00	1.493094979329612215e+00
1.000000000000000000e+00	3.588673185906754437e-01
0.000000000000000000e+00	3.170999835309883941e-01
0.000000000000000000e+00	5.507466295498039122e-01
1.000000000000000000e+00	1.275871336788507726e+00
1.000000000000000000e+00	5.946173535547513156e-01
0.000000000000000000e+00	3.900141843747027548e-01
0.000000000000000000e+00	2.858916977857205999e-01
1.000000000000000000e+00	6.901722501602396420e-01
0.000000000000000000e+00	3.507781134456974259e-01
0.000000000000000000e+00	1.900356462205330665e-01
1.000000000000000000e+00	6.528854997282100836e-01
1.000000000000000000e+00	1.244185729571718468e+00
1.000000000000000000e+00	1.248877530073358111e+00
0.000000000000000000e+00	3.458115507482061313e-01
1.000000000000000000e+00	7.601687812459989591e-01
0.000000000000000000e+00	1.295684621486226928e-01
0.000000000000000000e+00	4.185795417277324848e-01
1.000000000000000000e+00	1.027861938495172600e+00
1.000000000000000000e+00	8.844111762804918175e-01
1.000000000000000000e+00	7.113492792877262882e-01
1.000000000000000000e+00	6.858032829109202977e-01
0.000000000000000000e+00	3.013293169730591470e-01
1.000000000000000000e+00	4.267438342223571768e-01
1.000000000000000000e+00	4.595053239971116921e-01
0.000000000000000000e+00	6.371849033563079523e-01
1.000000000000000000e+00	1.098071300020633023e+00
0.000000000000000000e+00	-2.169723222352319680e-01
1.000000000000000000e+00	7.141089475432456091e-01
0.000000000000000000e+00	1.419578161897106783e-01
0.000000000000000000e+00	1.754014101329638975e-01
1.000000000000000000e+00	8.741677275522372614e-01
1.000000000000000000e+00	1.288593351158804134e+00
1.000000000000000000e+00	4.942784152462378899e-01
0.000000000000000000e+00	3.987679037588163222e-01
1.000000000000000000e+00	1.067436010787268463e+00
0.000000000000000000e+00	-3.530376787156889740e-01
1.000000000000000000e+00	5.070921937882771902e-01
1.000000000000000000e+00	1.049855639668737961e+00
1.000000000000000000e+00	7.366519802057651667e-01
0.000000000000000000e+00	1.078721209487392418e-01
1.000000000000000000e+00	1.150337615858487039e+00
1.000000000000000000e+00	1.104003736206467190e+00
0.000000000000000000e+00	3.683172563844631098e-01
1.000000000000000000e+00	9.676611497017703067e-01
0.000000000000000000e+00	3.394300053664882078e-01
0.000000000000000000e+00	6.402777040072629156e-01
1.000000000000000000e+00	7.447323120241626793e-01
1.000000000000000000e+00	8.166658405058938586e-01
0.000000000000000000e+00	2.435762254890988521e-01
0.000000000000000000e+00	1.238363292131668403e-01
1.000000000000000000e+00	1.188301126502838034e+00
1.000000000000000000e+00	5.117795397212914210e-01
0.000000000000000000e+00	5.500579204396327526e-01
1.000000000000000000e+00	7.823986554180328845e-01
0.000000000000000000e+00	3.414248148540790506e-01
1.000000000000000000e+00	1.229088312688062956e+00
1.000000000000000000e+00	1.070465824376679587e+00
0.000000000000000000e+00	5.340205779516736806e-01
0.000000000000000000e+00	2.086529189239339499e-01
1.000000000000000000e+00	1.588908100868454021e+00
1.000000000000000000e+00	5.552138391688051788e-01
1.000000000000000000e+00	8.961873110806275466e-01
0.000000000000000000e+00	4.218992204790832923e-01
1.000000000000000000e+00	1.499453513267839488e+00
1.000000000000000000e+00	5.583670668236054846e-01
1.000000000000000000e+00	6.636594366167949399e-01
1.000000000000000000e+00	9.811911705218836488e-01
1.000000000000000000e+00	6.186219793533439537e-01
0.000000000000000000e+00	1.393539185208289288e-01
1.000000000000000000e+00	6.053472094092273714e-01
0.000000000000000000e+00	2.106222308610007088e-01
1.000000000000000000e+00	7.230530863777329120e-01
0.000000000000000000e+00	-5.608007970216705163e-01
0.000000000000000000e+00	2.192474442823108272e-01
1.000000000000000000e+00	8.034446440222834385e-01
1.000000000000000000e+00	6.423398175557255563e-01
0.000000000000000000e+00	2.581289064897966390e-01
1.000000000000000000e+00	5.538206728067894824e-01
0.000000000000000000e+00	4.206994208357487941e-01
1.000000000000000000e+00	1.133773492464439148e+00
0.000000000000000000e+00	5.156497021171937423e-01
0.000000000000000000e+00	7.950882232273293049e-02
1.000000000000000000e+00	5.334317144357577645e-01
1.000000000000000000e+00	7.154372613103378020e-01
0.000000000000000000e+00	1.440103125806355966e-01
1.000000000000000000e+00	7.422138167343501625e-01
1.000000000000000000e+00	1.184776877871833500e+00
1.000000000000000000e+00	8.534301586731642963e-01
0.000000000000000000e+00	3.743321182183458884e-01
1.000000000000000000e+00	8.208314646681198479e-01
1.000000000000000000e+00	4.319632272056959099e-01
0.000000000000000000e+00	5.576665460012877329e-01
1.000000000000000000e+00	1.542326008103040547e+00
1.000000000000000000e+00	9.321453473038591175e-01
1.000000000000000000e+00	1.127784387009026945e+00
0.000000000000000000e+00	3.696015192130603366e-01
0.000000000000000000e+00	2.482572044016352342e-01
1.000000000000000000e+00	9.689644885970534194e-01
1.000000000000000000e+00	9.327515346532734286e-01
0.000000000000000000e+00	-3.629127787808161254e-01
1.000000000000000000e+00	4.570372541200170002e-01
1.000000000000000000e+00	1.098645551172093837e+00
1.000000000000000000e+00	1.346126051113722966e+00
1.000000000000000000e+00	6.448482240947390753e-01
0.000000000000000000e+00	4.507397677270300052e-01
0.000000000000000000e+00	-2.236607355850372958e-01
1.000000000000000000e+00	1.714005326639248317e+00
1.000000000000000000e+00	7.386538028276203871e-01
1.000000000000000000e+00	6.065425156195909384e-01
1.000000000000000000e+00	6.254585067054674319e-01
1.000000000000000000e+00	1.319859344840732751e+00
1.000000000000000000e+00	9.153576723729864861e-01
0.000000000000000000e+00	5.321143101570470213e-01
0.000000000000000000e+00	2.300685970024109184e-01
0.000000000000000000e+00	6.495509694657715383e-02
1.000000000000000000e+00	5.102772998087520273e-01
1.000000000000000000e+00	6.007488739520411292e-01
0.000000000000000000e+00	6.430254675466093861e-01
0.000000000000000000e+00	2.097169762130242643e-01
0.000000000000000000e+00	-7.937436447268645268e-04
0.000000000000000000e+00	7.534534512245930626e-01
0.000000000000000000e+00	3.534889892536372535e-01
0.000000000000000000e+00	3.172751716153757728e-01
0.000000000000000000e+00	1.528603371333181471e-01
0.000000000000000000e+00	1.700119425950731844e-01
0.000000000000000000e+00	1.449755345020636021e-01
0.000000000000000000e+00	2.848062470713604855e-01
0.000000000000000000e+00	4.390749562580398835e-01
0.000000000000000000e+00	2.512025864081887661e-01
0.000000000000000000e+00	1.332521217790084700e-01
1.000000000000000000e+00	1.085838029003122429e+00
0.000000000000000000e+00	-2.008499587134872366e-01
1.000000000000000000e+00	6.615845680735514822e-01
1.000000000000000000e+00	5.590300473113665181e-01
1.000000000000000000e+00	1.101026044976613383e+00
0.000000000000000000e+00	3.064342770203864474e-01
0.000000000000000000e+00	3.860335226519405749e-01
0.000000000000000000e+00	2.564773967114885034e-01
0.000000000000000000e+00	4.602765702128943093e-01
0.000000000000000000e+00	4.085348267600889538e-01
0.000000000000000000e+00	5.429486061679646980e-01
0.000000000000000000e+00	-8.205143594522221195e-02
1.000000000000000000e+00	1.682309711178118450e+00
0.000000000000000000e+00	-3.127045593097416143e-01
1.000000000000000000e+00	8.378950460543166390e-01
0.000000000000000000e+00	-1.670250486158515735e-01
1.000000000000000000e+00	4.784860489130141614e-01
1.000000000000000000e+00	9.145653117965731882e-01
0.000000000000000000e+00	5.676009088766831301e-01
1.000000000000000000e+00	5.303893825321833733e-01
1.000000000000000000e+00	1.301352749300896727e+00
1.000000000000000000e+00	8.129352794919618708e-01
0.000000000000000000e+00	1.244745222840450832e-01
1.000000000000000000e+00	8.562484662238449840e-01
1.000000000000000000e+00	1.221610223494855152e+00
0.000000000000000000e+00	-2.264048947584745564e-01
0.000000000000000000e+00	2.751819500629757997e-01
1.000000000000000000e+00	1.013566240507405292e+00
1.000000000000000000e+00	8.249294811213349066e-01
1.000000000000000000e+00	1.084642318475351752e+00
1.000000000000000000e+00	5.341117793777938605e-01
0.000000000000000000e+00	1.067992296504632621e-01
0.000000000000000000e+00	4.284432419170888101e-02
1.000000000000000000e+00	7.296508499387720503e-01
0.000000000000000000e+00	2.810038932767966458e-01
1.000000000000000000e+00	9.360049405128052502e-01
0.000000000000000000e+00	1.815878964517478322e-01
1.000000000000000000e+00	1.161817532683301124e+00
1.000000000000000000e+00	6.433659621190385147e-01
1.000000000000000000e+00	5.369645786287684519e-01
1.000000000000000000e+00	1.128130000748781336e+00
1.000000000000000000e+00	1.189507951176137501e+00
1.000000000000000000e+00	9.834386032741155859e-01
1.000000000000000000e+00	9.228552029040506532e-01
0.000000000000000000e+00	1.981596619314119345e-01
1.000000000000000000e+00	1.073731799062900727e+00
0.000000000000000000e+00	2.986583380432689117e-01
1.000000000000000000e+00	6.274300194573413370e-01
0.000000000000000000e+00	4.057943905623338510e-01
1.000000000000000000e+00	3.555499632752845418e-01
0.000000000000000000e+00	6.225669511723124216e-01
1.000000000000000000e+00	9.498165134945824040e-01
0.000000000000000000e+00	2.850854435709050949e-01
1.000000000000000000e+00	7.877933438155644286e-01
0.000000000000000000e+00	-2.680259631659067110e-01
1.000000000000000000e+00	6.189397529168561007e-01
0.000000000000000000e+00	1.652519923199947116e-01
0.000000000000000000e+00	4.625973419258647135e-01
0.000000000000000000e+00	-1.141964661306986012e-01
1.000000000000000000e+00	7.186504517484997301e-01
1.000000000000000000e+00	6.946740502965941255e-01
1.000000000000000000e+00	8.780473288274927013e-01
1.000000000000000000e+00	4.433577741687478868e-01
0.000000000000000000e+00	-2.914030711572860866e-01
0.000000000000000000e+00	1.826521195175667134e-01
1.000000000000000000e+00	8.368064924662472759e-01
0.000000000000000000e+00	4.443142593693814035e-01
0.000000000000000000e+00	3.218306833601540795e-01
1.000000000000000000e+00	6.653624171687936295e-01
1.000000000000000000e+00	6.731701210713728623e-01
1.000000000000000000e+00	6.094329966773074370e-01
1.000000000000000000e+00	7.281953428822928176e-01
1.000000000000000000e+00	3.968788259754649772e-01
1.000000000000000000e+00	5.956258272325556380e-01
1.000000000000000000e+00	6.428079626376335121e-01
1.000000000000000000e+00	5.191301208542382639e-01
1.000000000000000000e+00	8.113687415243995282e-01
0.000000000000000000e+00	-1.272144929098696087e-01
0.000000000000000000e+00	-5.437409684039068436e-01
1.000000000000000000e+00	1.149682211785709951e+00
1.000000000000000000e+00	1.163409642595356397e+00
1.000000000000000000e+00	5.962583419395084405e-01
0.000000000000000000e+00	-1.029974947122602597e-01
0.000000000000000000e+00	2.423585126618233998e-01
0.000000000000000000e+00	2.469823335690550237e-01
0.000000000000000000e+00	4.544666851518622958e-02
0.000000000000000000e+00	7.155636145422634986e-02
0.000000000000000000e+00	5.713023617759931394e-01
1.000000000000000000e+00	6.988926781661294330e-01
1.000000000000000000e+00	7.717104017225857593e-01
1.000000000000000000e+00	5.960908542136298394e-01
0.000000000000000000e+00	1.201941463868134580e-01
1.000000000000000000e+00	7.368991450546814592e-01
1.000000000000000000e+00	3.816800407214202551e-01
1.000000000000000000e+00	5.916012623229380818e-01
1.000000000000000000e+00	4.676454344926232465e-01
0.000000000000000000e+00	5.329376529985626609e-01
0.000000000000000000e+00	-7.109349673439800676e-02
1.000000000000000000e+00	1.023237675525250800e+00
1.000000000000000000e+00	4.399454171471178787e-01
0.000000000000000000e+00	6.041207015564302729e-01
0.000000000000000000e+00	3.030913779570150735e-01
0.000000000000000000e+00	2.224523359074254136e-02
0.000000000000000000e+00	6.306706945142270815e-01
1.000000000000000000e+00	8.069656431099886396e-01
0.000000000000000000e+00	3.680615838132924589e-01
0.000000000000000000e+00	1.474536396336391109e-01
1.000000000000000000e+00	4.574684495506240456e-01
1.000000000000000000e+00	1.372304589459002244e+00
1.000000000000000000e+00	9.950537186034777992e-01
0.000000000000000000e+00	-2.973752241318031730e-01
1.000000000000000000e+00	9.345658805273960867e-01
0.000000000000000000e+00	4.028785370710646907e-01
0.000000000000000000e+00	8.134807645035982415e-02
1.000000000000000000e+00	5.697566853822370048e-01
1.000000000000000000e+00	8.245530072703486368e-01
0.000000000000000000e+00	9.867239344832810788e-02
1.000000000000000000e+00	5.252288818134446258e-01
0.000000000000000000e+00	3.159729113686952917e-02
1.000000000000000000e+00	1.063810971933188299e+00
0.000000000000000000e+00	3.093041906940880992e-01
1.000000000000000000e+00	9.310193487258329181e-01
0.000000000000000000e+00	4.030580765213052641e-01
0.000000000000000000e+00	2.156520513485143675e-01
1.000000000000000000e+00	8.208446129229857169e-01
1.000000000000000000e+00	6.898806794197903658e-01
0.000000000000000000e+00	1.172188981704286870e-01
0.000000000000000000e+00	2.546776038839951850e-01
0.000000000000000000e+00	6.315317459139493939e-02
0.000000000000000000e+00	2.497395895788568077e-01
0.000000000000000000e+00	4.115778344830810509e-01
0.000000000000000000e+00	3.102877685388782947e-01
0.000000000000000000e+00	3.119512367342387460e-01
0.000000000000000000e+00	-1.818217823854222370e-01
0.000000000000000000e+00	1.620715320366347134e-01
1.000000000000000000e+00	1.194070773763734827e+00
0.000000000000000000e+00	8.755789731154256517e-02
0.000000000000000000e+00	4.089403830085677205e-01
0.000000000000000000e+00	2.602712805152307407e-01
1.000000000000000000e+00	8.703476780738459428e-01
0.000000000000000000e+00	2.660982780145196847e-01
1.000000000000000000e+00	5.730155767956459645e-01
1.000000000000000000e+00	7.632427141104617396e-01
0.000000000000000000e+00	2.919976282222821462e-01
0.000000000000000000e+00	-4.688071798814430480e-02
1.000000000000000000e+00	7.232477827747532118e-01
1.000000000000000000e+00	3.772505417858040278e-01
1.000000000000000000e+00	9.785458914638210937e-01
0.000000000000000000e+00	6.647525031579352151e-01
0.000000000000000000e+00	2.343978703920684692e-01
1.000000000000000000e+00	4.014472974157060059e-01
1.000000000000000000e+00	4.973959263587696689e-01
0.000000000000000000e+00	4.326652775824415542e-01
0.000000000000000000e+00	2.037029402728760541e-01
1.000000000000000000e+00	6.425757145619068744e-01
1.000000000000000000e+00	1.123325415294927909e+00
0.000000000000000000e+00	-2.707539816982621611e-02
1.000000000000000000e+00	1.236847697073091945e+00
0.000000000000000000e+00	1.049615054268160097e-01
1.000000000000000000e+00	1.210083210605241932e+00
1.000000000000000000e+00	6.986926262758510475e-01
1.000000000000000000e+00	1.369890385674148892e+00
1.000000000000000000e+00	6.196108948566680930e-01
1.000000000000000000e+00	6.142259996205241546e-01
1.000000000000000000e+00	1.031884234780050758e+00
1.000000000000000000e+00	9.913796600245283752e-01
0.000000000000000000e+00	2.195971975948387556e-01
0.000000000000000000e+00	3.249207521433026269e-01
1.000000000000000000e+00	9.326949194319357206e-01
1.000000000000000000e+00	9.084691655983350156e-01
1.000000000000000000e+00	7.553916630048014280e-01
0.000000000000000000e+00	5.352535213797262603e-01
0.000000000000000000e+00	4.585140325757998125e-01
0.000000000000000000e+00	9.057717960526506795e-02
1.000000000000000000e+00	6.279275393684681239e-01
0.000000000000000000e+00	-2.367784697931001325e-01
0.000000000000000000e+00	2.403463749896356250e-01
0.000000000000000000e+00	-8.097525444091329197e-03
0.000000000000000000e+00	4.037176482027288738e-01
0.000000000000000000e+00	5.178249005961270690e-01
0.000000000000000000e+00	2.020291728019729671e-01
1.000000000000000000e+00	8.998244057094387793e-01
0.000000000000000000e+00	4.777984853950951183e-01
1.000000000000000000e+00	1.016503537971685578e+00
1.000000000000000000e+00	6.941929359812665234e-01
1.000000000000000000e+00	8.083903234287730388e-01
0.000000000000000000e+00	-4.674711906592681210e-01
0.000000000000000000e+00	3.586459938017302201e-02
1.000000000000000000e+00	6.947410918968593974e-01
0.000000000000000000e+00	-1.078502200196260752e-01
1.000000000000000000e+00	8.139312018354546430e-01
0.000000000000000000e+00	-7.215460757044463505e-03
0.000000000000000000e+00	4.131078918478499618e-01
1.000000000000000000e+00	4.540932864544715009e-01
1.000000000000000000e+00	5.318877698263008158e-01
0.000000000000000000e+00	2.295771951099796204e-01
1.000000000000000000e+00	4.338871938457691257e-01
0.000000000000000000e+00	4.912572403424663170e-01
1.000000000000000000e+00	4.688764275401087755e-01
1.000000000000000000e+00	7.462211077576167417e-01
0.000000000000000000e+00	-5.877481947736400147e-02
0.000000000000000000e+00	4.165980574878968001e-01
1.000000000000000000e+00	7.076357835265018048e-01
0.000000000000000000e+00	1.364286015262397012e-01
1.000000000000000000e+00	3.560451820176291915e-01
0.000000000000000000e+00	-1.260424780958298019e-01
0.000000000000000000e+00	2.426670557158781549e-01
0.000000000000000000e+00	4.678700248500055614e-01
1.000000000000000000e+00	4.758762523453415327e-01
1.000000000000000000e+00	8.200366827721740082e-01
0.000000000000000000e+00	-7.023324720033560786e-02
0.000000000000000000e+00	1.098944054766706063e-01
0.000000000000000000e+00	-5.972164432004848367e-01
1.000000000000000000e+00	1.230564567473663828e+00
0.000000000000000000e+00	4.076484262134564274e-01
1.000000000000000000e+00	5.201117030463030533e-01
1.000000000000000000e+00	5.299267101072897557e-01
0.000000000000000000e+00	7.094625413674148229e-01
1.000000000000000000e+00	1.050792995878505387e+00
0.000000000000000000e+00	1.678425611017067276e-01
1.000000000000000000e+00	1.228868807066876734e+00
0.000000000000000000e+00	3.155106079083442872e-01
1.000000000000000000e+00	7.689581855405290822e-01
1.000000000000000000e+00	8.290869321041599571e-01
1.000000000000000000e+00	7.987732599530937838e-01
1.000000000000000000e+00	6.104393625402975143e-01
0.000000000000000000e+00	4.654977318611955295e-01
0.000000000000000000e+00	2.960351144210764118e-02
0.000000000000000000e+00	5.925444643065318484e-01
0.000000000000000000e+00	5.260681743994418541e-02
0.000000000000000000e+00	9.855497502875906757e-02
0.000000000000000000e+00	-3.883594511527857507e-01
1.000000000000000000e+00	8.292386315172337596e-01
1.000000000000000000e+00	1.227923569638213364e+00
1.000000000000000000e+00	7.045828905113227236e-01
0.000000000000000000e+00	3.043896840258008551e-01
0.000000000000000000e+00	1.763870087219200355e-01
1.000000000000000000e+00	6.297873259254405109e-01
0.000000000000000000e+00	2.494124691605308919e-01
0.000000000000000000e+00	6.387291306491390541e-01
1.000000000000000000e+00	1.010190450047749433e+00
0.000000000000000000e+00	3.451691662145907058e-01
1.000000000000000000e+00	6.610264065513538068e-01
0.000000000000000000e+00	3.191398092391129482e-01
0.000000000000000000e+00	-4.430647577530001380e-01
0.000000000000000000e+00	5.274202876785377692e-01
1.000000000000000000e+00	6.202152282304379538e-01
0.000000000000000000e+00	6.746874381011809529e-02
0.000000000000000000e+00	3.709340324210370077e-01
0.000000000000000000e+00	8.701025683386229281e-02
0.000000000000000000e+00	-3.418092437206565748e-01
1.000000000000000000e+00	8.655148204904350440e-01
0.000000000000000000e+00	-2.287273238069022566e-02
1.000000000000000000e+00	6.102625217485005971e-01
0.000000000000000000e+00	3.062222818709405825e-01
0.000000000000000000e+00	-3.086860079507013355e-01
0.000000000000000000e+00	2.977203235082250266e-01
0.000000000000000000e+00	-1.860699750713090683e-01
0.000000000000000000e+00	5.309121706615742980e-02
1.000000000000000000e+00	6.869479345444750029e-01
1.000000000000000000e+00	8.814419613440752643e-01
0.000000000000000000e+00	2.749187905874168059e-01
1.000000000000000000e+00	8.587869218708804597e-01
1.000000000000000000e+00	9.383267038713785091e-01
1.000000000000000000e+00	1.286478906753292462e+00
0.000000000000000000e+00	5.394320858263500496e-01
0.000000000000000000e+00	1.201010019184462277e-02
1.000000000000000000e+00	6.855587055089986670e-01
0.000000000000000000e+00	4.822628197212878720e-01
0.000000000000000000e+00	1.000731904629202362e-01
0.000000000000000000e+00	1.540231635825722034e-01
1.000000000000000000e+00	1.220289421495575510e+00
0.000000000000000000e+00	-1.917065915580130342e-01
1.000000000000000000e+00	9.987151870073924798e-01
1.000000000000000000e+00	8.572117778651970887e-01
1.000000000000000000e+00	5.973064633729201489e-01
1.000000000000000000e+00	7.765921518687455283e-01
0.000000000000000000e+00	4.466421224544863122e-01
0.000000000000000000e+00	1.621611267979679305e-01
0.000000000000000000e+00	2.541214891579476332e-01
1.000000000000000000e+00	6.611040281864350998e-01
1.000000000000000000e+00	9.815136242837885217e-01
0.000000000000000000e+00	2.898732178663512293e-01
0.000000000000000000e+00	-6.937669463979979911e-02
1.000000000000000000e+00	7.909802205685015908e-01
0.000000000000000000e+00	-3.386159660501862900e-01
0.000000000000000000e+00	1.409820232493272651e-01
0.000000000000000000e+00	3.576937191788111953e-02
1.000000000000000000e+00	5.393299710426643356e-01
0.000000000000000000e+00	-1.144268565720241992e-01
1.000000000000000000e+00	8.468215852059606252e-01
0.000000000000000000e+00	1.142269442650710037e-01
0.000000000000000000e+00	4.100464885515329172e-01
0.000000000000000000e+00	1.547863874277308760e-01
1.000000000000000000e+00	1.319070103214847300e+00
0.000000000000000000e+00	-1.008082097287616441e-01
0.000000000000000000e+00	4.143184693508492056e-01
1.000000000000000000e+00	6.304983043773464413e-01
1.000000000000000000e+00	7.203986028387209251e-01
0.000000000000000000e+00	4.276330664644311108e-01
1.000000000000000000e+00	1.243006011119431653e+00
1.000000000000000000e+00	1.363365474660939158e+00
0.000000000000000000e+00	2.931821025766390143e-01
1.000000000000000000e+00	1.207784501276677691e+00
1.000000000000000000e+00	7.313915820825259706e-01
0.000000000000000000e+00	4.503751360732369258e-01
0.000000000000000000e+00	1.986097116713849975e-01
0.000000000000000000e+00	4.997548321099355983e-01
1.000000000000000000e+00	5.598921830422562973e-01
0.000000000000000000e+00	3.289505885251634565e-01
0.000000000000000000e+00	-1.285335910594535280e-01
1.000000000000000000e+00	7.399031544201476462e-01
0.000000000000000000e+00	5.852286472175283194e-01
0.000000000000000000e+00	4.559805082663612175e-01
1.000000000000000000e+00	6.510695074761294610e-01
1.000000000000000000e+00	4.165307358987302422e-01
1.000000000000000000e+00	7.318948992897252870e-01
0.000000000000000000e+00	2.368642024238369892e-01
0.000000000000000000e+00	2.284103855511544767e-01
0.000000000000000000e+00	5.301148269536881674e-01
0.000000000000000000e+00	1.856276997924266037e-01
1.000000000000000000e+00	4.801752466782234774e-01
1.000000000000000000e+00	6.014292445138899046e-01
1.000000000000000000e+00	7.720693461527378121e-01
1.000000000000000000e+00	6.339190126050306962e-01
1.000000000000000000e+00	3.488572438836476386e-01
1.000000000000000000e+00	1.030591364061134829e+00
0.000000000000000000e+00	7.181752725787605811e-03
1.000000000000000000e+00	7.893186226121700066e-01
0.000000000000000000e+00	2.202696613966217132e-01
1.000000000000000000e+00	7.296338841232887784e-01
1.000000000000000000e+00	1.330165306296393402e+00
0.000000000000000000e+00	2.549255871047658717e-01
1.000000000000000000e+00	6.461003645168891252e-01
1.000000000000000000e+00	5.502297132478328745e-01
0.000000000000000000e+00	1.039391064217426025e-01
0.000000000000000000e+00	2.433584709923909961e-01
1.000000000000000000e+00	7.039885922911810479e-01
1.000000000000000000e+00	1.099291275501275145e+00
1.000000000000000000e+00	4.384533591354354276e-01
0.000000000000000000e+00	3.223670458302820702e-02
0.000000000000000000e+00	6.007893446641962010e-01
1.000000000000000000e+00	1.294505808018723725e+00
0.000000000000000000e+00	1.359618837457976792e-01
1.000000000000000000e+00	2.822473259536567580e-01
1.000000000000000000e+00	9.802760106220419489e-01
0.000000000000000000e+00	7.082258357776084479e-01
0.000000000000000000e+00	2.395678904432290424e-01
1.000000000000000000e+00	8.721272219894498079e-01
0.000000000000000000e+00	-5.075028506639801124e-02
0.000000000000000000e+00	3.906081739121606278e-01
1.000000000000000000e+00	4.374034833963749702e-01
0.000000000000000000e+00	4.447045450977954451e-01
0.000000000000000000e+00	6.970151913851075909e-01
1.000000000000000000e+00	8.567967427960356819e-01
0.000000000000000000e+00	-3.479259130436689745e-02
1.000000000000000000e+00	5.023605507682427085e-01
1.000000000000000000e+00	6.663361372382180514e-01
1.000000000000000000e+00	1.371758396854872997e+00
1.000000000000000000e+00	4.108943975665846904e-01
1.000000000000000000e+00	5.889372445035679915e-01
0.000000000000000000e+00	-3.519120592442123718e-01
1.000000000000000000e+00	4.849346617516238633e-01
0.000000000000000000e+00	2.474772928148392670e-01
1.000000000000000000e+00	9.580330471555231764e-01
1.000000000000000000e+00	7.370737408990999384e-01
1.000000000000000000e+00	5.388555099243338420e-01
1.000000000000000000e+00	5.487846614612331697e-01
1.000000000000000000e+00	7.893838765010779968e-01
1.000000000000000000e+00	6.950541252386507329e-01
1.000000000000000000e+00	1.129784811707204906e+00
0.000000000000000000e+00	-2.687783607483973380e-01
0.000000000000000000e+00	-5.196727436213116613e-01
1.000000000000000000e+00	1.058536303830222902e+00
0.000000000000000000e+00	6.709977070803936350e-01
1.000000000000000000e+00	8.675226271565631420e-01
1.000000000000000000e+00	6.943765855408287058e-01
1.000000000000000000e+00	6.755214849143774680e-01
0.000000000000000000e+00	-1.984103339835452395e-02
1.000000000000000000e+00	1.006078200847687842e+00
1.000000000000000000e+00	6.224015373242757221e-01
0.000000000000000000e+00	3.184823387132545980e-01
1.000000000000000000e+00	9.340269413210183780e-01
0.000000000000000000e+00	3.063282659305661682e-01
1.000000000000000000e+00	6.829530022566719927e-01
0.000000000000000000e+00	2.691947535093326960e-01
0.000000000000000000e+00	-1.239669197643724491e-01
1.000000000000000000e+00	1.011385630212384479e+00
0.000000000000000000e+00	1.471842957072333757e-01
0.000000000000000000e+00	4.532731151254482671e-01
0.000000000000000000e+00	6.119517048090983291e-01
1.000000000000000000e+00	1.163559541844911172e+00
1.000000000000000000e+00	5.360717534779102511e-01
1.000000000000000000e+00	1.712430749683881759e+00
1.000000000000000000e+00	9.719916658108881391e-01
0.000000000000000000e+00	3.042955554645533356e-01
1.000000000000000000e+00	9.403574909826120098e-01
1.000000000000000000e+00	9.899515928974050860e-01
0.000000000000000000e+00	3.732247765229186331e-01
1.000000000000000000e+00	7.116274727841135350e-01
1.000000000000000000e+00	9.661363753997079806e-01
1.000000000000000000e+00	4.361788200718396125e-01
0.000000000000000000e+00	3.375534174298350787e-01
0.000000000000000000e+00	3.032832270978117473e-01
0.000000000000000000e+00	3.533500554671353266e-01
1.000000000000000000e+00	5.844271781003503863e-01
0.000000000000000000e+00	1.374351607394677932e-01
0.000000000000000000e+00	2.060906562160703392e-01
1.000000000000000000e+00	1.389690783124673423e+00
0.000000000000000000e+00	4.503844156658904363e-01
0.000000000000000000e+00	3.694364242219270733e-01
1.000000000000000000e+00	7.024995811123495582e-01
1.000000000000000000e+00	6.228785017268322344e-01
1.000000000000000000e+00	8.338935289218332159e-01
1.000000000000000000e+00	1.120733987709226165e+00
1.000000000000000000e+00	8.690228747450415847e-01
1.000000000000000000e+00	5.848542130415492757e-01
1.000000000000000000e+00	8.719148746876841383e-01
1.000000000000000000e+00	8.028729345991862942e-01
0.000000000000000000e+00	3.962859662698962060e-01
1.000000000000000000e+00	1.050988623883503115e+00
1.000000000000000000e+00	5.824915314041522185e-01
1.000000000000000000e+00	9.457927207919958335e-01
1.000000000000000000e+00	9.314035558391196012e-01
0.000000000000000000e+00	2.800028351715920238e-01
1.000000000000000000e+00	8.022503715405098212e-01
1.000000000000000000e+00	9.328736419329152207e-01
0.000000000000000000e+00	1.519880840299659142e-01
1.000000000000000000e+00	7.875072011855548393e-01
0.000000000000000000e+00	2.480785534293122041e-01
0.000000000000000000e+00	3.640468696287353367e-01
0.000000000000000000e+00	-1.647830149444716452e-01
1.000000000000000000e+00	1.444178283694164788e+00
1.000000000000000000e+00	4.464232676679963374e-01
1.000000000000000000e+00	1.162018775135030824e+00
1.000000000000000000e+00	5.602161090719504077e-01
0.000000000000000000e+00	2.032861970376864669e-01
0.000000000000000000e+00	3.746267121930258598e-02
0.000000000000000000e+00	3.475250989627802212e-01
0.000000000000000000e+00	9.523841190760676256e-02
1.000000000000000000e+00	6.568678892455709351e-01
1.000000000000000000e+00	9.176842185181394163e-01
0.000000000000000000e+00	-5.354822268992880108e-02
1.000000000000000000e+00	9.017917754774438244e-01
0.000000000000000000e+00	-4.456881313206051964e-01
1.000000000000000000e+00	6.996264325822091346e-01
1.000000000000000000e+00	6.478974342402235020e-01
0.000000000000000000e+00	8.169931897264487430e-02
0.000000000000000000e+00	-1.936502450628879990e-01
0.000000000000000000e+00	5.300085174994243475e-01
1.000000000000000000e+00	1.167576207173361968e+00
1.000000000000000000e+00	6.290637440539070813e-01
1.000000000000000000e+00	5.154363493308770083e-01
1.000000000000000000e+00	1.216186796088504662e+00
0.000000000000000000e+00	9.841251328328812220e-02
1.000000000000000000e+00	4.233749858895233253e-01
1.000000000000000000e+00	5.668790099761561452e-01
0.000000000000000000e+00	3.509978249089028557e-01
1.000000000000000000e+00	7.897564314963658738e-01
1.000000000000000000e+00	9.558481125134449252e-01
1.000000000000000000e+00	9.337130103991453378e-01
0.000000000000000000e+00	-5.063139709463638782e-01
1.000000000000000000e+00	7.623096857426734374e-01
0.000000000000000000e+00	3.678646961453311270e-01
1.000000000000000000e+00	5.495738549692441577e-01
0.000000000000000000e+00	5.572661314125746390e-01
0.000000000000000000e+00	4.438620593619935217e-01
1.000000000000000000e+00	3.292760136166799634e-01
1.000000000000000000e+00	9.805699410686858908e-01
1.000000000000000000e+00	9.545324657829435955e-01
0.000000000000000000e+00	3.110119612982815696e-01
0.000000000000000000e+00	5.042231870133280225e-01
0.000000000000000000e+00	-1.060774631866769208e-01
1.000000000000000000e+00	6.980869726136926801e-01
0.000000000000000000e+00	9.716575156463717888e-02
0.000000000000000000e+00	4.390593854777327110e-01
1.000000000000000000e+00	7.951689836064202987e-01
1.000000000000000000e+00	4.386496762273106031e-01
0.000000000000000000e+00	5.780114065903946968e-02
1.000000000000000000e+00	9.645525343505191307e-01
1.000000000000000000e+00	1.217509087423019443e+00
0.000000000000000000e+00	2.984448259886773314e-01
0.000000000000000000e+00	-2.993856908928854699e-02
1.000000000000000000e+00	5.859867420976453412e-01
1.000000000000000000e+00	7.289420066688180322e-01
0.000000000000000000e+00	5.036126923167872915e-01
1.000000000000000000e+00	8.159502009370400710e-01
0.000000000000000000e+00	2.606151013111600023e-01
1.000000000000000000e+00	7.064045280804281957e-01
0.000000000000000000e+00	2.407028363543547711e-01
0.000000000000000000e+00	1.220731771738689520e-01
0.000000000000000000e+00	4.415276892166347666e-01
1.000000000000000000e+00	8.321596716390858850e-01
1.000000000000000000e+00	9.711792781158812282e-01
1.000000000000000000e+00	8.355787824436687883e-01
1.000000000000000000e+00	6.862786918353733778e-01
0.000000000000000000e+00	4.170549080994863655e-01
1.000000000000000000e+00	8.749843742124903123e-01
1.000000000000000000e+00	7.832059409226042046e-01
1.000000000000000000e+00	8.040365555979692713e-01
0.000000000000000000e+00	3.252001243179069023e-01
1.000000000000000000e+00	3.958985471186666216e-01
0.000000000000000000e+00	2.246609617134241732e-01
0.000000000000000000e+00	1.821766444857323211e-02
1.000000000000000000e+00	8.246198940800999466e-01
0.000000000000000000e+00	4.105970017948288864e-01
1.000000000000000000e+00	6.554013546848217464e-01
1.000000000000000000e+00	5.839706539289002407e-01
0.000000000000000000e+00	-6.763618203770720150e-02
1.000000000000000000e+00	7.822048362942022326e-01
0.000000000000000000e+00	2.553232043497678516e-01
0.000000000000000000e+00	3.217740843110622473e-01
1.000000000000000000e+00	7.290530309650522511e-01
1.000000000000000000e+00	5.217879809793737333e-01
1.000000000000000000e+00	1.088949969118531147e+00
1.000000000000000000e+00	1.079700731896370058e+00
0.000000000000000000e+00	6.214727811335277741e-01
1.000000000000000000e+00	7.924988411871294325e-01
0.000000000000000000e+00	3.190428273152222660e-01
0.000000000000000000e+00	-1.438913770918609850e-02
1.000000000000000000e+00	1.595163187715096687e+00
0.000000000000000000e+00	1.274455267697762739e-01
1.000000000000000000e+00	7.705830657770400549e-01
0.000000000000000000e+00	5.008683883916383028e-02
0.000000000000000000e+00	4.064314811150638307e-01
0.000000000000000000e+00	2.230041264542939328e-01
0.000000000000000000e+00	4.602576639052573249e-02
1.000000000000000000e+00	8.835512323460119610e-01
1.000000000000000000e+00	7.717480493232320438e-01
0.000000000000000000e+00	-1.094032674919221265e-01
0.000000000000000000e+00	2.268163657404383693e-01
0.000000000000000000e+00	2.139317954845551192e-02
0.000000000000000000e+00	2.883764122069357727e-01
0.000000000000000000e+00	-1.779571976690372814e-01
0.000000000000000000e+00	5.299185710902434288e-01
1.000000000000000000e+00	5.757487209341636269e-01
0.000000000000000000e+00	-7.351259492042575699e-03
0.000000000000000000e+00	8.499943311557585368e-02
1.000000000000000000e+00	7.846699914425629974e-01
0.000000000000000000e+00	5.273557365104318828e-01
1.000000000000000000e+00	8.366919064011687501e-01
1.000000000000000000e+00	7.694071488429904404e-01
1.000000000000000000e+00	1.643446386341785193e+00
1.000000000000000000e+00	9.739225017406085705e-01
1.000000000000000000e+00	5.572808186815032538e-01
1.000000000000000000e+00	8.581570695643141455e-01
1.000000000000000000e+00	3.928159084050400485e-01
0.000000000000000000e+00	3.329700645771005441e-01
1.000000000000000000e+00	1.327580022822636874e+00
1.000000000000000000e+00	5.087873341046474929e-01
1.000000000000000000e+00	5.465010468867805837e-01
1.000000000000000000e+00	1.130464456608023083e+00
0.000000000000000000e+00	4.820977544555137828e-01
1.000000000000000000e+00	1.090214112196409513e+00
1.000000000000000000e+00	7.890486139871071281e-01
0.000000000000000000e+00	5.065386526612114526e-01
0.000000000000000000e+00	3.531436540031643867e-01
0.000000000000000000e+00	1.681963879585671728e-01
1.000000000000000000e+00	7.146402349931865183e-01
1.000000000000000000e+00	8.104925323269863702e-01
1.000000000000000000e+00	9.769989005167137863e-01
1.000000000000000000e+00	4.069597598022611784e-01
0.000000000000000000e+00	-4.802981240521563694e-02
1.000000000000000000e+00	8.277509492461699869e-01
1.000000000000000000e+00	3.353633228487011286e-01
0.000000000000000000e+00	3.751256526178992634e-01
0.000000000000000000e+00	4.440632629241015872e-01
1.000000000000000000e+00	5.037289727235247927e-01
0.000000000000000000e+00	6.765852900075403076e-02
0.000000000000000000e+00	-2.920848657107205093e-01
1.000000000000000000e+00	7.694714146709589198e-01
0.000000000000000000e+00	1.477401372226146425e-01
1.000000000000000000e+00	8.619870776709849247e-01
0.000000000000000000e+00	3.165792725337608360e-01
1.000000000000000000e+00	4.225981993943933035e-01
1.000000000000000000e+00	6.672123828174275628e-01
0.000000000000000000e+00	1.474343969278895106e-01
1.000000000000000000e+00	8.428775944641594409e-01
1.000000000000000000e+00	8.230306882877562735e-01
0.000000000000000000e+00	3.897007340581036816e-01
0.000000000000000000e+00	1.300545481900289291e-01
1.000000000000000000e+00	1.208566571129411571e+00
1.000000000000000000e+00	5.658249357964880710e-01
1.000000000000000000e+00	6.990946295895544838e-01
1.000000000000000000e+00	1.422759514548749049e+00
0.000000000000000000e+00	1.528770845125557165e-02
0.000000000000000000e+00	-5.585563038994087459e-02
1.000000000000000000e+00	7.483886202529878018e-01
1.000000000000000000e+00	5.695968261575282687e-01
0.000000000000000000e+00	3.917915480400928074e-01
1.000000000000000000e+00	1.175640815149387786e+00
0.000000000000000000e+00	1.660403219737211777e-01
0.000000000000000000e+00	-6.600418539189908951e-02
0.000000000000000000e+00	5.135721101415806622e-01
0.000000000000000000e+00	5.342107412634456987e-01
0.000000000000000000e+00	2.238777388789975065e-01
0.000000000000000000e+00	4.250142847353224340e-01
0.000000000000000000e+00	5.073680907578149712e-01
0.000000000000000000e+00	7.242256526126786831e-01
0.000000000000000000e+00	6.405589230217495489e-01
1.000000000000000000e+00	9.774114425481478241e-01
0.000000000000000000e+00	2.110060716220629740e-01
1.000000000000000000e+00	1.040055675016648751e+00
0.000000000000000000e+00	-3.309227865116692313e-01
0.000000000000000000e+00	2.623182590364399047e-01
0.000000000000000000e+00	3.022702009610735846e-02
1.000000000000000000e+00	8.679210021287436794e-01
1.000000000000000000e+00	6.135158455709400771e-01
1.000000000000000000e+00	7.789582875164928755e-01
0.000000000000000000e+00	4.372876106723421752e-01
1.000000000000000000e+00	4.865260418921223962e-01
0.000000000000000000e+00	4.166818053562484914e-01
0.000000000000000000e+00	4.719775830014143192e-02
1.000000000000000000e+00	1.246349488321862875e+00
0.000000000000000000e+00	2.421584403286581311e-01
0.000000000000000000e+00	-5.024947077682343499e-01
1.000000000000000000e+00	3.106548451089266583e-01
0.000000000000000000e+00	3.758127028972024219e-01
1.000000000000000000e+00	4.631432147960339862e-01
1.000000000000000000e+00	8.445073974549079932e-01
0.000000000000000000e+00	3.501361052672532503e-01
1.000000000000000000e+00	1.165354206735033982e+00
0.000000000000000000e+00	4.846231658071769033e-01
1.000000000000000000e+00	7.529771869145237551e-01
1.000000000000000000e+00	9.660085966914317979e-01
0.000000000000000000e+00	6.030097831504567518e-02
1.000000000000000000e+00	5.146816964638104563e-01
0.000000000000000000e+00	4.054663809857407264e-01
1.000000000000000000e+00	4.722657678874596088e-01
1.000000000000000000e+00	6.657414018481009332e-01
1.000000000000000000e+00	1.467330014408404049e+00
0.000000000000000000e+00	3.570211198088563131e-01
1.000000000000000000e+00	1.249169605138517047e+00
0.000000000000000000e+00	-2.069701831532607117e-01
0.000000000000000000e+00	5.640768949312360281e-01
1.000000000000000000e+00	4.339180437269657964e-01
0.000000000000000000e+00	4.146251057376357796e-01
1.000000000000000000e+00	1.225742197427768465e+00
0.000000000000000000e+00	1.091134789955510165e-01
0.000000000000000000e+00	2.961242968388517194e-01
1.000000000000000000e+00	1.035573273599388111e+00
0.000000000000000000e+00	5.270384397476747251e-01
1.000000000000000000e+00	9.029463746163070015e-01
1.000000000000000000e+00	5.997511902939914874e-01
1.000000000000000000e+00	6.970456741144788193e-01
0.000000000000000000e+00	3.595709318680688216e-01
1.000000000000000000e+00	7.083534888996914081e-01
1.000000000000000000e+00	6.699425376094464424e-01
1.000000000000000000e+00	7.534569152099985789e-01
0.000000000000000000e+00	1.714644793350111329e-01
1.000000000000000000e+00	1.089877000773206595e+00
0.000000000000000000e+00	-9.789587007831665466e-02
1.000000000000000000e+00	7.108256819867799781e-01
0.000000000000000000e+00	2.645741935125394129e-01
1.000000000000000000e+00	8.452208545410325735e-01
1.000000000000000000e+00	1.230843569158761364e+00
1.000000000000000000e+00	7.778600031534137482e-01
0.000000000000000000e+00	2.400288902225123644e-01
1.000000000000000000e+00	5.063671291710701849e-01
0.000000000000000000e+00	1.315446374326577073e-01
0.000000000000000000e+00	3.499994769901131897e-01
0.000000000000000000e+00	1.228138083355106124e-02
1.000000000000000000e+00	6.315333197616833649e-01
1.000000000000000000e+00	1.012758583145443092e+00
0.000000000000000000e+00	1.354119361467676363e-01
1.000000000000000000e+00	1.152861289195117767e+00
1.000000000000000000e+00	7.270531215941745673e-01
0.000000000000000000e+00	5.800276098802820135e-01
1.000000000000000000e+00	1.000100854210714374e+00
0.000000000000000000e+00	1.473843559202643039e-01
1.000000000000000000e+00	1.085336016542422621e+00
1.000000000000000000e+00	1.112048181347465636e+00
1.000000000000000000e+00	1.313540576482753908e+00
1.000000000000000000e+00	5.493580838991652948e-01
1.000000000000000000e+00	7.220835484464889209e-01
1.000000000000000000e+00	5.181761368743089680e-01
1.000000000000000000e+00	1.285598417651589997e+00
1.000000000000000000e+00	9.337391316470046165e-01
1.000000000000000000e+00	5.870174496943075804e-01
1.000000000000000000e+00	8.474339664952660334e-01
0.000000000000000000e+00	5.950740284116249335e-01
1.000000000000000000e+00	7.043593335980526948e-01
0.000000000000000000e+00	4.702872594394354455e-01
0.000000000000000000e+00	2.972097830391732809e-01
0.000000000000000000e+00	-8.608639304755647537e-01
0.000000000000000000e+00	2.317293508730922658e-01
