1.000000000000000000e+00	1.111221188954601313e+00
1.000000000000000000e+00	4.910683271972254849e-01
0.000000000000000000e+00	-5.853118949044903985e-02
1.000000000000000000e+00	6.795915042189299982e-01
0.000000000000000000e+00	-1.596679734332573097e-01
0.000000000000000000e+00	2.499964836315732297e-01
0.000000000000000000e+00	6.009699914653268138e-01
1.000000000000000000e+00	4.424087266178979294e-01
1.000000000000000000e+00	5.992056579950236772e-01
1.000000000000000000e+00	5.151263798429901453e-01
0.000000000000000000e+00	-3.368258056430108172e-02
0.000000000000000000e+00	3.566300299086716530e-01
0.000000000000000000e+00	2.322786239588379709e-01
1.000000000000000000e+00	5.478018729253536501e-01
1.000000000000000000e+00	2.459835522628429361e-01
0.000000000000000000e+00	2.553161610736784937e-01
1.000000000000000000e+00	9.300040403851732584e-01
1.000000000000000000e+00	8.383630991719228653e-01
0.000000000000000000e+00	-5.012272514224809239e-01
1.000000000000000000e+00	7.777744448832834001e-01
0.000000000000000000e+00	4.790223296057716240e-02
0.000000000000000000e+00	1.770001725702665674e-01
1.000000000000000000e+00	9.647286980913796217e-01
0.000000000000000000e+00	6.180354354350240387e-01
0.000000000000000000e+00	-1.904328567146507944e-01
0.000000000000000000e+00	2.664678164395698490e-01
1.000000000000000000e+00	7.197075741107181734e-01
0.000000000000000000e+00	-6.422916006526549482e-02
1.000000000000000000e+00	1.102277255758811192e+00
1.000000000000000000e+00	7.299498353027150666e-01
1.000000000000000000e+00	7.275876646171313133e-01
0.000000000000000000e+00	-3.371681425388167730e-01
1.000000000000000000e+00	7.636756505507154014e-01
1.000000000000000000e+00	6.636829420854944983e-01
1.000000000000000000e+00	8.306819989791778269e-01
1.000000000000000000e+00	3.564502904534715966e-01
1.000000000000000000e+00	8.200694626372686535e-01
1.000000000000000000e+00	1.059443457138515621e+00
0.000000000000000000e+00	-3.143780192191458767e-02
1.000000000000000000e+00	3.820494669665377985e-01
1.000000000000000000e+00	1.238629649604743088e+00
1.000000000000000000e+00	4.996389364676287470e-01
1.000000000000000000e+00	7.993263440176875401e-01
0.000000000000000000e+00	1.822145888570847472e-01
0.000000000000000000e+00	2.477269447195062924e-01
0.000000000000000000e+00	4.941423048774241655e-01
1.000000000000000000e+00	1.195544456797759114e+00
0.000000000000000000e+00	-1.691414215074614757e-01
1.000000000000000000e+00	5.530176187499605822e-01
1.000000000000000000e+00	9.418477546732280103e-01
1.000000000000000000e+00	6.536637588061617876e-01
0.000000000000000000e+00	3.123755276481877674e-01
0.000000000000000000e+00	3.884430241022004404e-01
0.000000000000000000e+00	6.517412357232440501e-01
0.000000000000000000e+00	5.635732132568093133e-01
1.000000000000000000e+00	8.837438985973675720e-01
0.000000000000000000e+00	3.164265608701503640e-01
1.000000000000000000e+00	7.245341993631060351e-01
1.000000000000000000e+00	1.042362207088815218e+00
1.000000000000000000e+00	1.843639527295293512e-01
1.000000000000000000e+00	1.592272023991124330e+00
1.000000000000000000e+00	6.329194815048572176e-01
0.000000000000000000e+00	-1.286678959680161161e-01
1.000000000000000000e+00	1.117735707573791704e+00
1.000000000000000000e+00	6.079606784558515553e-01
0.000000000000000000e+00	3.414864629718505906e-01
0.000000000000000000e+00	-2.456414835203847569e-01
0.000000000000000000e+00	4.765341846496840561e-01
0.000000000000000000e+00	-1.576048876237162166e-01
0.000000000000000000e+00	2.487529869426454154e-01
1.000000000000000000e+00	5.802561718410630398e-01
0.000000000000000000e+00	-1.804047392145527728e-01
1.000000000000000000e+00	4.173343619073508481e-01
1.000000000000000000e+00	6.680366337257264142e-01
0.000000000000000000e+00	2.673504163854562576e-01
1.000000000000000000e+00	6.632305133300575584e-01
0.000000000000000000e+00	-4.159766585113578441e-01
1.000000000000000000e+00	6.912373432558778230e-01
0.000000000000000000e+00	1.098741044109874249e-01
0.000000000000000000e+00	-5.112016753947339065e-02
0.000000000000000000e+00	2.021763987894688308e-01
1.000000000000000000e+00	1.181428376991356055e+00
0.000000000000000000e+00	-5.187047476926571338e-02
0.000000000000000000e+00	1.779112826809391146e-02
1.000000000000000000e+00	8.442015084006794234e-01
0.000000000000000000e+00	-9.202676427796231684e-02
0.000000000000000000e+00	5.453972538019364880e-01
0.000000000000000000e+00	3.568968268233323887e-02
0.000000000000000000e+00	-2.993431090336734490e-01
0.000000000000000000e+00	1.624410666090048694e-01
0.000000000000000000e+00	5.925226566727807009e-01
0.000000000000000000e+00	2.827715242482461422e-01
0.000000000000000000e+00	1.779750144340227769e-01
0.000000000000000000e+00	6.797918514972491888e-01
0.000000000000000000e+00	3.106316640387460359e-01
1.000000000000000000e+00	6.524167555008346664e-01
1.000000000000000000e+00	6.780700388704778980e-01
0.000000000000000000e+00	6.044225969103730889e-02
0.000000000000000000e+00	-1.562238116872518012e-01
0.000000000000000000e+00	1.914631132673169922e-01
0.000000000000000000e+00	-6.176127272320564021e-02
1.000000000000000000e+00	1.359564048267014380e+00
1.000000000000000000e+00	7.428357911062312136e-01
1.000000000000000000e+00	8.048934784020008726e-01
1.000000000000000000e+00	9.824801647815343264e-01
1.000000000000000000e+00	8.164363937753703615e-01
1.000000000000000000e+00	5.660142200562612302e-01
0.000000000000000000e+00	2.185258732466831832e-01
1.000000000000000000e+00	1.021431476155924445e+00
1.000000000000000000e+00	5.843547851084662792e-01
1.000000000000000000e+00	6.237347918412430303e-01
0.000000000000000000e+00	1.670454157601613809e-01
0.000000000000000000e+00	1.396351088071444979e-01
1.000000000000000000e+00	5.078611634873635428e-01
1.000000000000000000e+00	7.007448572051206970e-01
1.000000000000000000e+00	9.159527054278236990e-01
0.000000000000000000e+00	5.408145070622407680e-01
1.000000000000000000e+00	9.283379261445445785e-01
0.000000000000000000e+00	5.211497332220371703e-01
0.000000000000000000e+00	3.322303149832496194e-01
1.000000000000000000e+00	1.277687238837963646e+00
0.000000000000000000e+00	3.363418716837656697e-01
1.000000000000000000e+00	3.883219050062582944e-01
1.000000000000000000e+00	9.685008069736840142e-01
0.000000000000000000e+00	-1.002334829310237707e-01
1.000000000000000000e+00	1.115685815507488465e+00
1.000000000000000000e+00	5.497774344184302997e-01
0.000000000000000000e+00	8.692619726492388510e-02
0.000000000000000000e+00	-3.127854100457625464e-01
1.000000000000000000e+00	6.584609912100141127e-01
0.000000000000000000e+00	7.075776004572689182e-01
0.000000000000000000e+00	4.905981450882778705e-01
0.000000000000000000e+00	-3.426831276671676862e-01
0.000000000000000000e+00	3.396667460561706431e-01
0.000000000000000000e+00	6.789839938295301469e-02
0.000000000000000000e+00	-2.099124256695191204e-01
0.000000000000000000e+00	5.678476547454757162e-01
1.000000000000000000e+00	7.757801233851611133e-01
1.000000000000000000e+00	5.921107812739314635e-01
0.000000000000000000e+00	7.887717652589633088e-01
1.000000000000000000e+00	5.648258122911764545e-01
0.000000000000000000e+00	8.182461614007867368e-03
0.000000000000000000e+00	4.361465167965443701e-01
0.000000000000000000e+00	4.577329627327736405e-01
0.000000000000000000e+00	2.619822591411323787e-01
0.000000000000000000e+00	1.973240092975482862e-01
1.000000000000000000e+00	6.051267930781930593e-01
1.000000000000000000e+00	5.287940326751306985e-01
1.000000000000000000e+00	7.921965775492272321e-01
1.000000000000000000e+00	5.938196183015561624e-01
1.000000000000000000e+00	3.143574962709361209e-01
1.000000000000000000e+00	1.161080286782407711e+00
1.000000000000000000e+00	8.568533829424672676e-01
0.000000000000000000e+00	4.023563966615635312e-01
1.000000000000000000e+00	7.249768466804845657e-01
0.000000000000000000e+00	3.489472408585613250e-01
0.000000000000000000e+00	3.210722108865923796e-01
0.000000000000000000e+00	2.576065168469987565e-01
1.000000000000000000e+00	1.206878950923314875e+00
0.000000000000000000e+00	-1.147759425268504441e-01
0.000000000000000000e+00	5.244320422423581762e-01
0.000000000000000000e+00	3.476780451755989154e-01
1.000000000000000000e+00	7.981452474115551254e-01
0.000000000000000000e+00	4.922438755620386353e-01
0.000000000000000000e+00	4.792634436630081596e-01
1.000000000000000000e+00	8.761428817196551533e-01
1.000000000000000000e+00	5.343228842649492272e-01
0.000000000000000000e+00	3.913085849887343315e-01
1.000000000000000000e+00	6.842053520325266369e-01
1.000000000000000000e+00	1.123508479671377014e+00
0.000000000000000000e+00	2.915194203255897509e-01
0.000000000000000000e+00	8.379486643100634291e-01
1.000000000000000000e+00	3.805315948739058096e-01
0.000000000000000000e+00	1.703424103530422340e-01
1.000000000000000000e+00	3.338724427364896385e-01
0.000000000000000000e+00	2.484968994963290823e-01
0.000000000000000000e+00	3.402328331498173375e-01
0.000000000000000000e+00	3.671207475261301645e-01
0.000000000000000000e+00	1.618627140682515342e-01
1.000000000000000000e+00	8.005741756863604675e-01
0.000000000000000000e+00	2.331428306136209272e-01
1.000000000000000000e+00	5.588079561969816478e-01
1.000000000000000000e+00	7.882191385796953886e-01
1.000000000000000000e+00	1.272431128674389234e+00
1.000000000000000000e+00	4.527513991078269684e-01
0.000000000000000000e+00	2.811117715168547915e-01
0.000000000000000000e+00	5.939829390888242688e-01
1.000000000000000000e+00	1.195809664025324626e+00
1.000000000000000000e+00	5.716192542306672841e-01
0.000000000000000000e+00	4.793945298602151350e-01
0.000000000000000000e+00	3.300954901393902130e-01
1.000000000000000000e+00	6.505890139320310572e-01
0.000000000000000000e+00	4.239148757897850395e-01
0.000000000000000000e+00	8.696239605270371376e-02
1.000000000000000000e+00	5.046680269185712664e-01
1.000000000000000000e+00	9.998380648424460837e-01
1.000000000000000000e+00	1.119365090688917652e+00
0.000000000000000000e+00	2.782666389461120882e-01
1.000000000000000000e+00	5.790970262091298393e-01
0.000000000000000000e+00	2.948167868051029816e-01
0.000000000000000000e+00	6.919653748013745442e-01
1.000000000000000000e+00	9.010300555411222545e-01
1.000000000000000000e+00	9.335859430038608853e-01
1.000000000000000000e+00	8.734428174374251341e-01
1.000000000000000000e+00	6.303142188540622470e-01
0.000000000000000000e+00	1.574490022314124771e-01
1.000000000000000000e+00	6.069723181923247779e-01
1.000000000000000000e+00	2.474409566259295201e-01
0.000000000000000000e+00	4.133724222746592014e-01
1.000000000000000000e+00	8.334266027268696364e-01
0.000000000000000000e+00	-2.280468683677130959e-01
1.000000000000000000e+00	1.024838254825304551e+00
0.000000000000000000e+00	1.585320009116081980e-02
0.000000000000000000e+00	2.533552708174909296e-01
1.000000000000000000e+00	7.604645880510402245e-01
1.000000000000000000e+00	1.118262459736670600e+00
1.000000000000000000e+00	6.462205422855099579e-01
0.000000000000000000e+00	4.216608691028228550e-01
1.000000000000000000e+00	9.636428106835315255e-01
0.000000000000000000e+00	-5.781786265136902303e-01
1.000000000000000000e+00	3.651798499052843483e-01
1.000000000000000000e+00	1.127964005998222552e+00
1.000000000000000000e+00	8.917026139181453148e-01
0.000000000000000000e+00	3.197694570778609191e-01
1.000000000000000000e+00	1.235675585140530330e+00
1.000000000000000000e+00	9.035133702760047569e-01
0.000000000000000000e+00	1.724806869396292852e-01
1.000000000000000000e+00	7.639085557211693356e-01
0.000000000000000000e+00	3.395588241272819996e-01
0.000000000000000000e+00	7.924965885392961651e-01
1.000000000000000000e+00	8.537006595262865982e-01
1.000000000000000000e+00	6.188935886962670940e-01
0.000000000000000000e+00	4.159112926061876991e-01
0.000000000000000000e+00	2.776757216441252396e-01
1.000000000000000000e+00	9.000266046289555621e-01
1.000000000000000000e+00	7.345847606627803339e-01
0.000000000000000000e+00	6.385431636074185846e-01
1.000000000000000000e+00	9.026070495140601224e-01
0.000000000000000000e+00	3.954858726046467376e-01
1.000000000000000000e+00	1.155893088101868971e+00
1.000000000000000000e+00	9.930635340439479819e-01
0.000000000000000000e+00	3.255223865878903999e-01
0.000000000000000000e+00	4.846330650316338917e-01
1.000000000000000000e+00	1.757358083161053353e+00
1.000000000000000000e+00	2.950663967159296019e-01
1.000000000000000000e+00	8.484725802155566043e-01
0.000000000000000000e+00	4.283392339937227566e-01
1.000000000000000000e+00	1.425879336770338401e+00
1.000000000000000000e+00	6.721481203711195951e-01
1.000000000000000000e+00	7.455491434720598054e-01
1.000000000000000000e+00	1.050074661696472011e+00
1.000000000000000000e+00	8.393953556966078366e-01
0.000000000000000000e+00	2.366285680142352632e-01
1.000000000000000000e+00	7.677984607802295081e-01
0.000000000000000000e+00	1.071751395620900993e-01
1.000000000000000000e+00	7.698964823480896058e-01
0.000000000000000000e+00	-5.227294354921598885e-01
0.000000000000000000e+00	1.276068944962538976e-01
1.000000000000000000e+00	1.026091010842389073e+00
1.000000000000000000e+00	4.995139684565697569e-01
0.000000000000000000e+00	4.770236826349926185e-01
1.000000000000000000e+00	6.704607280026275706e-01
0.000000000000000000e+00	3.666250988445023951e-01
1.000000000000000000e+00	1.219489825561306917e+00
0.000000000000000000e+00	3.271979205388917400e-01
0.000000000000000000e+00	2.306702742177887677e-01
1.000000000000000000e+00	1.842297907491986797e-01
1.000000000000000000e+00	7.313084685974170496e-01
0.000000000000000000e+00	2.499647086206187585e-01
1.000000000000000000e+00	8.809977292294400852e-01
1.000000000000000000e+00	1.185868328185609943e+00
1.000000000000000000e+00	8.633473253629011523e-01
0.000000000000000000e+00	6.726248005452685197e-01
1.000000000000000000e+00	8.852376292254477974e-01
1.000000000000000000e+00	5.935614423810916390e-02
0.000000000000000000e+00	7.022493626095728247e-01
1.000000000000000000e+00	1.331224292132487719e+00
1.000000000000000000e+00	9.220754486702231745e-01
1.000000000000000000e+00	1.099931033977262107e+00
0.000000000000000000e+00	6.133276751256339088e-01
0.000000000000000000e+00	7.210502611005334406e-02
1.000000000000000000e+00	7.464602559060511400e-01
1.000000000000000000e+00	8.799411210190503096e-01
0.000000000000000000e+00	-4.842412710828287170e-01
1.000000000000000000e+00	4.032588940123156274e-01
1.000000000000000000e+00	9.771372920855448951e-01
1.000000000000000000e+00	9.936497859515942555e-01
1.000000000000000000e+00	7.758460228276442550e-01
0.000000000000000000e+00	8.401577583799385573e-01
0.000000000000000000e+00	-1.283383311962670581e-01
1.000000000000000000e+00	1.695787967709490918e+00
1.000000000000000000e+00	5.506523749700329429e-01
1.000000000000000000e+00	5.603868874824603497e-01
1.000000000000000000e+00	4.943309251476815658e-01
1.000000000000000000e+00	1.320673203458589740e+00
1.000000000000000000e+00	8.460486912032658680e-01
0.000000000000000000e+00	6.565391941016789357e-01
0.000000000000000000e+00	1.110735388619228242e-01
0.000000000000000000e+00	-2.330386426229407587e-02
1.000000000000000000e+00	5.214011516778944699e-01
1.000000000000000000e+00	6.126987564650534512e-01
0.000000000000000000e+00	6.292278934288768610e-01
0.000000000000000000e+00	9.088637162021659388e-02
0.000000000000000000e+00	7.069680812855470842e-02
0.000000000000000000e+00	6.541647705946777025e-01
0.000000000000000000e+00	4.262828124960608700e-01
0.000000000000000000e+00	5.646250971016383291e-01
0.000000000000000000e+00	-3.107929254797298785e-02
0.000000000000000000e+00	5.798064163199091042e-02
0.000000000000000000e+00	2.023975473069417885e-01
0.000000000000000000e+00	1.457969542214116732e-01
0.000000000000000000e+00	8.169603733808558088e-01
0.000000000000000000e+00	2.934048944814925952e-01
0.000000000000000000e+00	1.870065389117673560e-01
1.000000000000000000e+00	8.959624547817962581e-01
0.000000000000000000e+00	-1.832755877945563272e-01
1.000000000000000000e+00	6.058579823211329707e-01
1.000000000000000000e+00	6.151675198516042276e-01
1.000000000000000000e+00	9.683507940425438720e-01
0.000000000000000000e+00	5.520029677693678583e-01
0.000000000000000000e+00	2.077071766200612735e-01
0.000000000000000000e+00	2.007840245656668798e-01
0.000000000000000000e+00	2.346503474506970444e-01
0.000000000000000000e+00	2.759744917369373329e-01
0.000000000000000000e+00	4.783523087407141050e-01
0.000000000000000000e+00	2.158474068500726706e-01
1.000000000000000000e+00	1.556243748445041986e+00
0.000000000000000000e+00	-2.260409977556037120e-01
1.000000000000000000e+00	6.513448374836393606e-01
0.000000000000000000e+00	-3.000738761760370354e-01
1.000000000000000000e+00	5.049987943822343839e-01
1.000000000000000000e+00	8.270284708863453460e-01
0.000000000000000000e+00	8.811207119200618054e-01
1.000000000000000000e+00	5.601110357172165433e-01
1.000000000000000000e+00	1.298497017007603116e+00
1.000000000000000000e+00	7.944325353085491814e-01
0.000000000000000000e+00	4.964816935970777778e-01
1.000000000000000000e+00	7.533162557571695395e-01
1.000000000000000000e+00	1.089737317887471191e+00
0.000000000000000000e+00	-3.565210282775452266e-01
0.000000000000000000e+00	1.464889549163619076e-01
1.000000000000000000e+00	1.134700960702612615e+00
1.000000000000000000e+00	9.045498188778947624e-01
1.000000000000000000e+00	1.050246766430792178e+00
1.000000000000000000e+00	3.506687009119434095e-01
0.000000000000000000e+00	1.916481868491765328e-01
0.000000000000000000e+00	4.541579641889872260e-02
1.000000000000000000e+00	7.284871717132967994e-01
0.000000000000000000e+00	2.781047387169685026e-01
1.000000000000000000e+00	9.812855643753857215e-01
0.000000000000000000e+00	1.423114281671954140e-01
1.000000000000000000e+00	8.479641158467801088e-01
1.000000000000000000e+00	4.287265050291092505e-01
1.000000000000000000e+00	5.697443709480072283e-01
1.000000000000000000e+00	8.647570975962787232e-01
1.000000000000000000e+00	1.214422086958123925e+00
1.000000000000000000e+00	9.203070879768563417e-01
1.000000000000000000e+00	9.352603456572811114e-01
0.000000000000000000e+00	2.112266922634692679e-01
1.000000000000000000e+00	1.279058152137864779e+00
0.000000000000000000e+00	1.200438258569077460e-01
1.000000000000000000e+00	4.872624289390467545e-01
0.000000000000000000e+00	3.532989467934203875e-01
1.000000000000000000e+00	3.703533065581496864e-01
0.000000000000000000e+00	4.890015590266549861e-01
1.000000000000000000e+00	7.966683422084605004e-01
0.000000000000000000e+00	1.885310110609604295e-01
1.000000000000000000e+00	4.999025224662611011e-01
0.000000000000000000e+00	-2.794911360060767236e-01
1.000000000000000000e+00	5.931185700045281672e-01
0.000000000000000000e+00	2.217608619547291049e-01
0.000000000000000000e+00	4.060284483637175978e-01
0.000000000000000000e+00	6.702580826965713612e-02
1.000000000000000000e+00	7.246616207689918765e-01
1.000000000000000000e+00	5.872298739523044153e-01
1.000000000000000000e+00	9.454267983771872386e-01
1.000000000000000000e+00	5.305455443286376527e-01
0.000000000000000000e+00	-1.522582329091640152e-01
0.000000000000000000e+00	1.060739124530121896e-01
1.000000000000000000e+00	6.683514017976489585e-01
0.000000000000000000e+00	4.454415368618496740e-01
0.000000000000000000e+00	6.235916550059226182e-01
1.000000000000000000e+00	5.466406825706849881e-01
1.000000000000000000e+00	8.146339120151575575e-01
1.000000000000000000e+00	5.361956837097497930e-01
1.000000000000000000e+00	9.409312964206293373e-01
1.000000000000000000e+00	4.258441263845795799e-01
1.000000000000000000e+00	4.644062019746851289e-01
1.000000000000000000e+00	7.516760994460255363e-01
1.000000000000000000e+00	6.876617422304656113e-01
1.000000000000000000e+00	7.491486793149395584e-01
0.000000000000000000e+00	-4.785139238986371724e-01
0.000000000000000000e+00	-6.847427804815883201e-01
1.000000000000000000e+00	1.215685566614169932e+00
1.000000000000000000e+00	9.699565696325563868e-01
1.000000000000000000e+00	7.974230138319070571e-01
0.000000000000000000e+00	-1.070845218159325977e-02
0.000000000000000000e+00	2.071695618376799553e-01
0.000000000000000000e+00	7.781377368866002064e-02
0.000000000000000000e+00	-1.152440528528709957e-01
0.000000000000000000e+00	2.291802447419118982e-01
0.000000000000000000e+00	4.574774711736950272e-01
1.000000000000000000e+00	7.941589814809993930e-01
1.000000000000000000e+00	7.888584910380863624e-01
1.000000000000000000e+00	5.420600148801121287e-01
0.000000000000000000e+00	3.638122701695888361e-01
1.000000000000000000e+00	5.334631675026969555e-01
1.000000000000000000e+00	5.411604114679676725e-01
1.000000000000000000e+00	6.637786321123941846e-01
1.000000000000000000e+00	7.659262366641471642e-01
0.000000000000000000e+00	4.372797740222017504e-01
0.000000000000000000e+00	-3.185145341095332872e-03
1.000000000000000000e+00	9.404783959566883622e-01
1.000000000000000000e+00	7.023710026379336169e-01
0.000000000000000000e+00	6.700989582367843367e-01
0.000000000000000000e+00	5.517852613187197441e-01
0.000000000000000000e+00	8.509480710030871420e-02
0.000000000000000000e+00	6.382287348969176710e-01
1.000000000000000000e+00	9.194970378595785920e-01
0.000000000000000000e+00	8.539609893875985680e-01
0.000000000000000000e+00	1.481898994829300709e-01
1.000000000000000000e+00	2.374506123678252756e-01
1.000000000000000000e+00	1.386170643817229209e+00
1.000000000000000000e+00	7.324584868721412123e-01
0.000000000000000000e+00	-3.578054836954664975e-01
1.000000000000000000e+00	9.794959216778225120e-01
0.000000000000000000e+00	4.628267885716496610e-01
0.000000000000000000e+00	4.819953645035395667e-02
1.000000000000000000e+00	3.532192746840652764e-01
1.000000000000000000e+00	6.670157563797013411e-01
0.000000000000000000e+00	3.080033999080434293e-01
1.000000000000000000e+00	5.283742068194638986e-01
0.000000000000000000e+00	2.045053215054131179e-01
1.000000000000000000e+00	9.885136281175489481e-01
0.000000000000000000e+00	4.232890765304837544e-01
1.000000000000000000e+00	1.259924253031633246e+00
0.000000000000000000e+00	6.711570034706072496e-01
0.000000000000000000e+00	1.274499697644859986e-01
1.000000000000000000e+00	9.538527529174181119e-01
1.000000000000000000e+00	5.829797160717864468e-01
0.000000000000000000e+00	4.168884016563874084e-01
0.000000000000000000e+00	3.878782070704218099e-01
0.000000000000000000e+00	5.203411725258502707e-02
0.000000000000000000e+00	2.903008539386228160e-01
0.000000000000000000e+00	3.094649998173550909e-01
0.000000000000000000e+00	3.862021643421791328e-01
0.000000000000000000e+00	5.198183153608558760e-01
0.000000000000000000e+00	-2.810872509068373937e-01
0.000000000000000000e+00	2.557528310418923922e-01
1.000000000000000000e+00	1.181296261925103952e+00
0.000000000000000000e+00	8.802021214951001593e-02
0.000000000000000000e+00	1.301273390320250578e-01
0.000000000000000000e+00	5.425296784054405019e-02
1.000000000000000000e+00	7.180928643557550339e-01
0.000000000000000000e+00	5.004851812101163144e-02
1.000000000000000000e+00	1.762298649914128823e-01
1.000000000000000000e+00	8.044187661504664799e-01
0.000000000000000000e+00	4.436341351146687595e-01
0.000000000000000000e+00	-3.093011106487596890e-02
1.000000000000000000e+00	6.779091975267157455e-01
1.000000000000000000e+00	6.030306428190790324e-01
1.000000000000000000e+00	8.630480805740732286e-01
0.000000000000000000e+00	5.425409285165841977e-01
0.000000000000000000e+00	3.580362784949058796e-01
1.000000000000000000e+00	6.845456172776476222e-01
1.000000000000000000e+00	3.776343471083469239e-01
0.000000000000000000e+00	3.799969664316607543e-01
0.000000000000000000e+00	2.415889624221515541e-01
1.000000000000000000e+00	6.311134264677751293e-01
1.000000000000000000e+00	1.067664031932987978e+00
0.000000000000000000e+00	-5.564366138272950485e-02
1.000000000000000000e+00	1.115779540895552202e+00
0.000000000000000000e+00	-2.686707565510085965e-02
1.000000000000000000e+00	1.076261021816773411e+00
1.000000000000000000e+00	6.023274092746234709e-01
1.000000000000000000e+00	1.197369514079828612e+00
1.000000000000000000e+00	7.532618364365160080e-01
1.000000000000000000e+00	7.791562842658692478e-01
1.000000000000000000e+00	9.388029732066600630e-01
1.000000000000000000e+00	8.185104012918110739e-01
0.000000000000000000e+00	4.442353391380869931e-01
0.000000000000000000e+00	6.554026303545804621e-01
1.000000000000000000e+00	8.520004112304846444e-01
1.000000000000000000e+00	9.253693479947563416e-01
1.000000000000000000e+00	8.756117839528932967e-01
0.000000000000000000e+00	4.461293616347122293e-01
0.000000000000000000e+00	3.397677398041389352e-01
0.000000000000000000e+00	1.676199492445120676e-01
1.000000000000000000e+00	4.302693543103620621e-01
0.000000000000000000e+00	1.210609214464967998e-01
0.000000000000000000e+00	4.608595093199121390e-02
0.000000000000000000e+00	3.519101949511976857e-02
0.000000000000000000e+00	3.970071915979479504e-01
0.000000000000000000e+00	5.101439493578557860e-01
0.000000000000000000e+00	5.076162005303411912e-02
1.000000000000000000e+00	6.430408241146320369e-01
0.000000000000000000e+00	5.640231620499740472e-01
1.000000000000000000e+00	7.681630690684907448e-01
1.000000000000000000e+00	7.602656363649454851e-01
1.000000000000000000e+00	8.750138721418747600e-01
0.000000000000000000e+00	-4.267105467456842050e-01
0.000000000000000000e+00	-1.307768759180289453e-01
1.000000000000000000e+00	6.588961025086268464e-01
0.000000000000000000e+00	1.052515898721207016e-01
1.000000000000000000e+00	8.256102705369341432e-01
0.000000000000000000e+00	-6.950931702971015202e-03
0.000000000000000000e+00	2.773447987395062375e-01
1.000000000000000000e+00	6.082258878259956258e-01
1.000000000000000000e+00	3.998681922123573651e-01
0.000000000000000000e+00	3.686767391761398005e-01
1.000000000000000000e+00	5.858115221483558566e-01
0.000000000000000000e+00	6.379675816981277281e-01
1.000000000000000000e+00	2.963960686200786676e-01
1.000000000000000000e+00	6.676541981944870141e-01
0.000000000000000000e+00	9.249163550860223237e-03
0.000000000000000000e+00	3.810363533656395685e-01
1.000000000000000000e+00	6.658540884923732639e-01
0.000000000000000000e+00	2.354938635303191752e-01
1.000000000000000000e+00	-4.243784604901192775e-02
0.000000000000000000e+00	-1.100200594415996075e-01
0.000000000000000000e+00	3.655441510114061654e-02
0.000000000000000000e+00	6.716040057497792981e-01
1.000000000000000000e+00	5.139718104342849703e-01
1.000000000000000000e+00	8.791622197706459030e-01
0.000000000000000000e+00	4.278607879596727642e-02
0.000000000000000000e+00	4.140938775657171389e-02
0.000000000000000000e+00	-3.433409621533203282e-01
1.000000000000000000e+00	1.382729252484756310e+00
0.000000000000000000e+00	2.489332955433867234e-01
1.000000000000000000e+00	3.833199922685853189e-01
1.000000000000000000e+00	3.794831035692602939e-01
0.000000000000000000e+00	7.860978890938976615e-01
1.000000000000000000e+00	6.562080860624425194e-01
0.000000000000000000e+00	2.938396318940727503e-01
1.000000000000000000e+00	1.113340020121402985e+00
0.000000000000000000e+00	4.111244394924556400e-01
1.000000000000000000e+00	7.295431173805475566e-01
1.000000000000000000e+00	9.127309607795467405e-01
1.000000000000000000e+00	5.455899168811941813e-01
1.000000000000000000e+00	7.025537106450280289e-01
0.000000000000000000e+00	3.629785524743112113e-01
0.000000000000000000e+00	2.047083271722308084e-01
0.000000000000000000e+00	6.254628901976622135e-01
0.000000000000000000e+00	-1.141911231249862491e-01
0.000000000000000000e+00	2.216921211811523351e-01
0.000000000000000000e+00	-2.741924498496513540e-01
1.000000000000000000e+00	6.256343329243274631e-01
1.000000000000000000e+00	1.088175923083358310e+00
1.000000000000000000e+00	8.434513206237033156e-01
0.000000000000000000e+00	6.493094053963270884e-01
0.000000000000000000e+00	3.794350477326133286e-01
1.000000000000000000e+00	4.794145541622787943e-01
0.000000000000000000e+00	7.931776035301936478e-02
0.000000000000000000e+00	3.695595379920099122e-01
1.000000000000000000e+00	8.032021484377158682e-01
0.000000000000000000e+00	2.949517822855169946e-01
1.000000000000000000e+00	6.484514068414715116e-01
0.000000000000000000e+00	5.093856404727572507e-01
0.000000000000000000e+00	-3.538181819006482320e-01
0.000000000000000000e+00	5.899222264662887794e-01
1.000000000000000000e+00	1.005056610637791836e+00
0.000000000000000000e+00	1.258251711171955722e-01
0.000000000000000000e+00	3.214564113129456668e-01
0.000000000000000000e+00	1.718382964931656487e-01
0.000000000000000000e+00	-1.814911445315821603e-01
1.000000000000000000e+00	1.029835290870777964e+00
0.000000000000000000e+00	1.506360126592000970e-01
1.000000000000000000e+00	3.966474777674752206e-01
0.000000000000000000e+00	1.370794153012102057e-01
0.000000000000000000e+00	-2.339016002624664803e-01
0.000000000000000000e+00	2.050962810254568502e-01
0.000000000000000000e+00	-7.287206099033614881e-02
0.000000000000000000e+00	-5.863952043952812276e-02
1.000000000000000000e+00	7.517067783862944053e-01
1.000000000000000000e+00	9.763216017718840956e-01
0.000000000000000000e+00	1.791988040972000429e-01
1.000000000000000000e+00	7.729493325004928028e-01
1.000000000000000000e+00	1.124694650305718246e+00
1.000000000000000000e+00	1.178133294651055429e+00
0.000000000000000000e+00	4.463698700703908617e-01
0.000000000000000000e+00	9.462070877332551255e-02
1.000000000000000000e+00	1.042332650968327723e+00
0.000000000000000000e+00	5.904710142141672558e-01
0.000000000000000000e+00	-5.959941193911082180e-02
0.000000000000000000e+00	8.233867347590040700e-03
1.000000000000000000e+00	9.323419820538942915e-01
0.000000000000000000e+00	-3.020511589805217056e-01
1.000000000000000000e+00	7.599285655428437147e-01
1.000000000000000000e+00	6.431024107532583578e-01
1.000000000000000000e+00	5.077007538506274065e-01
1.000000000000000000e+00	8.011797046871834693e-01
0.000000000000000000e+00	5.298918427759384819e-01
0.000000000000000000e+00	2.371268949990870678e-01
0.000000000000000000e+00	-5.730978629621000589e-03
1.000000000000000000e+00	7.555198838060641631e-01
1.000000000000000000e+00	1.144855810740337265e+00
0.000000000000000000e+00	5.555490794805614252e-01
0.000000000000000000e+00	-1.625413736636552309e-01
1.000000000000000000e+00	8.191699388613882249e-01
0.000000000000000000e+00	-4.285023653806635524e-01
0.000000000000000000e+00	-8.030837907569590706e-02
0.000000000000000000e+00	-2.017413196653747298e-01
1.000000000000000000e+00	4.456143659957441661e-01
0.000000000000000000e+00	2.050538765552430420e-01
1.000000000000000000e+00	7.329681120192252930e-01
0.000000000000000000e+00	2.602175313811926349e-01
0.000000000000000000e+00	4.199392977218840972e-01
0.000000000000000000e+00	2.634279822548687977e-01
1.000000000000000000e+00	1.332118155175973095e+00
0.000000000000000000e+00	4.200035872609807208e-02
0.000000000000000000e+00	4.856204033851720392e-01
1.000000000000000000e+00	6.150892505812391997e-01
1.000000000000000000e+00	6.076316186318861945e-01
0.000000000000000000e+00	3.259094321382863257e-01
1.000000000000000000e+00	1.078719454886370999e+00
1.000000000000000000e+00	1.200677403758591444e+00
0.000000000000000000e+00	1.728202969144778944e-01
1.000000000000000000e+00	1.214371559746264762e+00
1.000000000000000000e+00	7.922449867494123499e-01
0.000000000000000000e+00	2.768115918176338175e-01
0.000000000000000000e+00	9.768496395406282840e-02
0.000000000000000000e+00	6.081631707116870178e-01
1.000000000000000000e+00	4.280434755868773311e-01
0.000000000000000000e+00	6.770775519044252011e-01
0.000000000000000000e+00	-4.393382458607419938e-02
1.000000000000000000e+00	6.099897702970941138e-01
0.000000000000000000e+00	7.957791607953437207e-01
0.000000000000000000e+00	4.823843966012298368e-01
1.000000000000000000e+00	6.987770253185668912e-01
1.000000000000000000e+00	5.868482019512569758e-01
1.000000000000000000e+00	9.145023549019400955e-01
0.000000000000000000e+00	2.059669757541212898e-01
0.000000000000000000e+00	2.723345764355922793e-01
0.000000000000000000e+00	6.336423711513594625e-01
0.000000000000000000e+00	1.631652290946488393e-01
1.000000000000000000e+00	5.400982880434415101e-01
1.000000000000000000e+00	7.721023057159810410e-01
1.000000000000000000e+00	6.849730643208009617e-01
1.000000000000000000e+00	4.896273982494109278e-01
1.000000000000000000e+00	5.639260197185068657e-01
1.000000000000000000e+00	1.159392219732524598e+00
0.000000000000000000e+00	2.467309907155713564e-02
1.000000000000000000e+00	8.730550977169968530e-01
0.000000000000000000e+00	2.127478796604468925e-01
1.000000000000000000e+00	7.411382809238736824e-01
1.000000000000000000e+00	1.375834384832599788e+00
0.000000000000000000e+00	3.646680453881677719e-01
1.000000000000000000e+00	5.160745561894839462e-01
1.000000000000000000e+00	5.104296675576854847e-01
0.000000000000000000e+00	5.688677541838504242e-03
0.000000000000000000e+00	8.301720817927875362e-02
1.000000000000000000e+00	4.355053043896492948e-01
1.000000000000000000e+00	9.666516184134382739e-01
1.000000000000000000e+00	3.758111649924102404e-01
0.000000000000000000e+00	6.666313638765072880e-02
0.000000000000000000e+00	8.000494842286129948e-01
1.000000000000000000e+00	1.167887355225504464e+00
0.000000000000000000e+00	1.647203877055004873e-03
1.000000000000000000e+00	2.587226092828663893e-01
1.000000000000000000e+00	7.074203599968710288e-01
0.000000000000000000e+00	8.418476990604172316e-01
0.000000000000000000e+00	3.784859053360596914e-01
1.000000000000000000e+00	8.224890565851490365e-01
0.000000000000000000e+00	-7.910677644405716968e-02
0.000000000000000000e+00	2.669172002011403477e-01
1.000000000000000000e+00	5.501608567772012792e-01
0.000000000000000000e+00	8.200083139844036584e-01
0.000000000000000000e+00	9.041442564309276619e-01
1.000000000000000000e+00	8.369070298235720129e-01
0.000000000000000000e+00	-5.329340789188533045e-02
1.000000000000000000e+00	7.163684177666435060e-01
1.000000000000000000e+00	7.308869919722088548e-01
1.000000000000000000e+00	1.265686674458296190e+00
1.000000000000000000e+00	3.391094971193514551e-01
1.000000000000000000e+00	6.218498469739320855e-01
0.000000000000000000e+00	-3.672638581534078406e-01
1.000000000000000000e+00	2.725731995905945615e-01
0.000000000000000000e+00	9.872078306459883268e-02
1.000000000000000000e+00	7.594238384128461083e-01
1.000000000000000000e+00	6.872239823308040618e-01
1.000000000000000000e+00	3.249318625591025023e-01
1.000000000000000000e+00	4.790948135149901144e-01
1.000000000000000000e+00	6.460268308050665098e-01
1.000000000000000000e+00	8.618567851649959755e-01
1.000000000000000000e+00	1.031027532949448045e+00
0.000000000000000000e+00	-2.806726941108425577e-01
0.000000000000000000e+00	-4.765168495804779081e-01
1.000000000000000000e+00	1.226947428057351575e+00
0.000000000000000000e+00	6.617927629105647691e-01
1.000000000000000000e+00	9.786163525260445084e-01
1.000000000000000000e+00	3.328933756033412017e-01
1.000000000000000000e+00	6.513473002155236724e-01
0.000000000000000000e+00	5.326924629778481690e-02
1.000000000000000000e+00	1.005753066288131103e+00
1.000000000000000000e+00	6.777956581057863472e-01
0.000000000000000000e+00	4.624497367534924908e-01
1.000000000000000000e+00	7.271398462950162678e-01
0.000000000000000000e+00	1.222358965319903790e-01
1.000000000000000000e+00	6.724748473138503213e-01
0.000000000000000000e+00	4.869186188038387986e-01
0.000000000000000000e+00	-1.521657932624776999e-01
1.000000000000000000e+00	9.476715435350262506e-01
0.000000000000000000e+00	2.504120273484052722e-02
0.000000000000000000e+00	4.751564842615768058e-01
0.000000000000000000e+00	7.662044189728581811e-01
1.000000000000000000e+00	1.152175384581044293e+00
1.000000000000000000e+00	7.148119500612424293e-01
1.000000000000000000e+00	1.537629208779049295e+00
1.000000000000000000e+00	1.057642635732179093e+00
0.000000000000000000e+00	1.559182055715669091e-01
1.000000000000000000e+00	1.161695509186176034e+00
1.000000000000000000e+00	9.876809369274511807e-01
0.000000000000000000e+00	5.213855968157486975e-01
1.000000000000000000e+00	7.289875626734577674e-01
1.000000000000000000e+00	1.061264126889340575e+00
1.000000000000000000e+00	4.438600065479382240e-01
0.000000000000000000e+00	2.108404438530977199e-01
0.000000000000000000e+00	6.981181924343329293e-01
0.000000000000000000e+00	4.340925716170494497e-01
1.000000000000000000e+00	5.974009253940673059e-01
0.000000000000000000e+00	3.583138002243462794e-01
0.000000000000000000e+00	2.806806783273800288e-01
1.000000000000000000e+00	1.410422627732411449e+00
0.000000000000000000e+00	4.915457191617589872e-01
0.000000000000000000e+00	2.818937634840971151e-01
1.000000000000000000e+00	7.611980371957638436e-01
1.000000000000000000e+00	7.321534252606581861e-01
1.000000000000000000e+00	9.026916563951605799e-01
1.000000000000000000e+00	8.140760743728230331e-01
1.000000000000000000e+00	9.705864590826748239e-01
1.000000000000000000e+00	3.171184587961678458e-01
1.000000000000000000e+00	9.405396301749032739e-01
1.000000000000000000e+00	8.875906903278213411e-01
0.000000000000000000e+00	5.804906661882364149e-01
1.000000000000000000e+00	1.015614789290960607e+00
1.000000000000000000e+00	5.524944847233839162e-01
1.000000000000000000e+00	8.235480831667377766e-01
1.000000000000000000e+00	8.313780546335146626e-01
0.000000000000000000e+00	1.103895011993097919e-01
1.000000000000000000e+00	7.844087083474267086e-01
1.000000000000000000e+00	9.310006332246913985e-01
0.000000000000000000e+00	1.920069848206182872e-01
1.000000000000000000e+00	8.650226608240677573e-01
0.000000000000000000e+00	3.977838332381467557e-01
0.000000000000000000e+00	2.962957507541871260e-01
0.000000000000000000e+00	-3.670657964657128569e-01
1.000000000000000000e+00	1.424547311660282700e+00
1.000000000000000000e+00	5.276143372123739406e-01
1.000000000000000000e+00	1.117133665654396202e+00
1.000000000000000000e+00	5.444442405151134201e-01
0.000000000000000000e+00	2.259358178787071736e-01
0.000000000000000000e+00	6.530906134531676982e-03
0.000000000000000000e+00	1.600278191204290990e-01
0.000000000000000000e+00	1.399392665087519638e-01
1.000000000000000000e+00	6.123175731704740832e-01
1.000000000000000000e+00	1.098209755506503571e+00
0.000000000000000000e+00	8.829315962201654544e-02
1.000000000000000000e+00	9.292783264011442723e-01
0.000000000000000000e+00	-3.053057175928582945e-01
1.000000000000000000e+00	7.604288947751109973e-01
1.000000000000000000e+00	6.361545781462549787e-01
0.000000000000000000e+00	1.270541135186087356e-01
0.000000000000000000e+00	2.990583759211325882e-02
0.000000000000000000e+00	6.702607372457266566e-01
1.000000000000000000e+00	1.352364106880281636e+00
1.000000000000000000e+00	3.232912822079577198e-01
1.000000000000000000e+00	4.110159650389281216e-01
1.000000000000000000e+00	1.165947390612978474e+00
0.000000000000000000e+00	4.742349888046180212e-02
1.000000000000000000e+00	2.524888677948322613e-01
1.000000000000000000e+00	7.938236812510699458e-01
0.000000000000000000e+00	2.082334235418938639e-01
1.000000000000000000e+00	7.658962355042147063e-01
1.000000000000000000e+00	7.118389642135987128e-01
1.000000000000000000e+00	7.483244920753184815e-01
0.000000000000000000e+00	-1.992243640738806110e-01
1.000000000000000000e+00	5.493648666617547693e-01
0.000000000000000000e+00	6.913061361583586750e-01
1.000000000000000000e+00	5.338781514319866917e-01
0.000000000000000000e+00	4.962180151306031517e-01
0.000000000000000000e+00	5.274110007160649483e-01
1.000000000000000000e+00	3.736454200674812487e-01
1.000000000000000000e+00	1.046613415172598982e+00
1.000000000000000000e+00	1.047693719712440963e+00
0.000000000000000000e+00	3.694481906537272486e-01
0.000000000000000000e+00	3.380970404210540403e-01
0.000000000000000000e+00	-7.623990933245369805e-02
1.000000000000000000e+00	6.512483949915698345e-01
0.000000000000000000e+00	2.667441769804259621e-01
0.000000000000000000e+00	7.037749560798256532e-01
1.000000000000000000e+00	5.761722479056285984e-01
1.000000000000000000e+00	4.229274473044672966e-01
0.000000000000000000e+00	1.434883472586729325e-01
1.000000000000000000e+00	7.489311511979820368e-01
1.000000000000000000e+00	1.171075721200114383e+00
0.000000000000000000e+00	5.049504073696093887e-01
0.000000000000000000e+00	5.612772950885655532e-02
1.000000000000000000e+00	5.743238599859752380e-01
1.000000000000000000e+00	7.598021994937733670e-01
0.000000000000000000e+00	4.497527587072402411e-01
1.000000000000000000e+00	5.751922886827618431e-01
0.000000000000000000e+00	1.270900313161792139e-01
1.000000000000000000e+00	3.248316990887903932e-01
0.000000000000000000e+00	1.386474946910859485e-01
0.000000000000000000e+00	2.331505358698198194e-01
0.000000000000000000e+00	4.192396686491397517e-01
1.000000000000000000e+00	6.108700229960872807e-01
1.000000000000000000e+00	1.122174070432923498e+00
1.000000000000000000e+00	9.013882797079034725e-01
1.000000000000000000e+00	7.447814849706924090e-01
0.000000000000000000e+00	2.610530451934067186e-01
1.000000000000000000e+00	9.737936876930353147e-01
1.000000000000000000e+00	5.523227658520704075e-01
1.000000000000000000e+00	8.450832116938651328e-01
0.000000000000000000e+00	1.174939752766436529e-01
1.000000000000000000e+00	3.851911391607737989e-01
0.000000000000000000e+00	4.445382015701109246e-01
0.000000000000000000e+00	7.202559335031513688e-02
1.000000000000000000e+00	6.287035473315975009e-01
0.000000000000000000e+00	4.289786230585057036e-01
1.000000000000000000e+00	5.142169696631950782e-01
1.000000000000000000e+00	5.982186393629315146e-01
0.000000000000000000e+00	-9.045433707254803279e-02
1.000000000000000000e+00	7.916906482886031382e-01
0.000000000000000000e+00	4.276928558037583761e-01
0.000000000000000000e+00	3.047606174747122809e-01
1.000000000000000000e+00	4.829221677314354810e-01
1.000000000000000000e+00	3.330867359616402901e-01
1.000000000000000000e+00	9.892026287747536228e-01
1.000000000000000000e+00	9.390329692979844101e-01
0.000000000000000000e+00	4.126186935943475520e-01
1.000000000000000000e+00	7.154943914296223451e-01
0.000000000000000000e+00	2.629838119709987931e-01
0.000000000000000000e+00	3.061999651896606389e-01
1.000000000000000000e+00	1.460981893907522089e+00
0.000000000000000000e+00	2.730697177900695549e-01
1.000000000000000000e+00	8.659145871270668149e-01
0.000000000000000000e+00	-2.392235308166177493e-02
0.000000000000000000e+00	4.631369097335380491e-01
0.000000000000000000e+00	1.333776365894595306e-01
0.000000000000000000e+00	4.471306364952230133e-02
1.000000000000000000e+00	8.328389524750372530e-01
1.000000000000000000e+00	8.704111549308570783e-01
0.000000000000000000e+00	2.253204957445421874e-02
0.000000000000000000e+00	3.367373348518039600e-01
0.000000000000000000e+00	1.451234966598882042e-02
0.000000000000000000e+00	3.048828705016891627e-01
0.000000000000000000e+00	-3.904323241512243636e-01
0.000000000000000000e+00	2.897023002165557415e-01
1.000000000000000000e+00	4.727808927837430786e-01
0.000000000000000000e+00	4.329846064742363942e-02
0.000000000000000000e+00	3.005911103592671108e-01
1.000000000000000000e+00	8.546066590750704961e-01
0.000000000000000000e+00	6.360418608047702094e-01
1.000000000000000000e+00	9.772796674611989864e-01
1.000000000000000000e+00	9.321963112712481347e-01
1.000000000000000000e+00	1.629330426984288316e+00
1.000000000000000000e+00	1.133720572285038086e+00
1.000000000000000000e+00	5.268239131429176547e-01
1.000000000000000000e+00	7.455842538552402976e-01
1.000000000000000000e+00	4.478155160598321083e-01
0.000000000000000000e+00	3.310050686967805356e-01
1.000000000000000000e+00	1.207383717133454715e+00
1.000000000000000000e+00	4.945673956207231603e-01
1.000000000000000000e+00	6.697458247387908514e-01
1.000000000000000000e+00	1.174191518995662209e+00
0.000000000000000000e+00	3.728498722419487099e-01
1.000000000000000000e+00	7.699369806209770406e-01
1.000000000000000000e+00	1.017568229401067059e+00
0.000000000000000000e+00	3.500974707681601683e-01
0.000000000000000000e+00	3.278933716603255055e-01
0.000000000000000000e+00	2.513497128311216189e-01
1.000000000000000000e+00	5.899080438626096434e-01
1.000000000000000000e+00	4.490583241191176134e-01
1.000000000000000000e+00	9.802165875536720252e-01
1.000000000000000000e+00	5.183584847577272781e-01
0.000000000000000000e+00	-5.184410472917217599e-02
1.000000000000000000e+00	1.092226481567005303e+00
1.000000000000000000e+00	2.545539410108432210e-01
0.000000000000000000e+00	2.978285923152241832e-01
0.000000000000000000e+00	5.182384801652069051e-01
1.000000000000000000e+00	3.811147930685875873e-01
0.000000000000000000e+00	1.633424031413332200e-01
0.000000000000000000e+00	-6.265151682258955634e-02
1.000000000000000000e+00	7.336337318136877395e-01
0.000000000000000000e+00	1.867732069837764741e-01
1.000000000000000000e+00	9.469847115077143496e-01
0.000000000000000000e+00	1.354450537624652395e-01
1.000000000000000000e+00	5.870539929592059059e-01
1.000000000000000000e+00	7.281727792584296033e-01
0.000000000000000000e+00	1.447144400994257452e-01
1.000000000000000000e+00	8.005348681813566625e-01
1.000000000000000000e+00	8.565164708237547053e-01
0.000000000000000000e+00	3.077121015639460722e-01
0.000000000000000000e+00	5.356396539749905955e-02
1.000000000000000000e+00	1.068639004023582029e+00
1.000000000000000000e+00	5.001775840543439822e-01
1.000000000000000000e+00	1.006773161423534013e+00
1.000000000000000000e+00	1.476265488375003709e+00
0.000000000000000000e+00	-1.023054675950554361e-02
0.000000000000000000e+00	3.836548875207226525e-03
1.000000000000000000e+00	8.360375427157579198e-01
1.000000000000000000e+00	2.471638152925507148e-01
0.000000000000000000e+00	1.610989188319949528e-01
1.000000000000000000e+00	1.088658973543989994e+00
0.000000000000000000e+00	4.653549344126020615e-01
0.000000000000000000e+00	-1.396924594195236846e-01
0.000000000000000000e+00	4.904583277874312031e-01
0.000000000000000000e+00	3.309545312066772826e-01
0.000000000000000000e+00	2.223842834368537635e-01
0.000000000000000000e+00	3.417067532722843914e-01
0.000000000000000000e+00	6.408047104930139071e-01
0.000000000000000000e+00	6.600006086653374959e-01
0.000000000000000000e+00	5.313652353516327143e-01
1.000000000000000000e+00	1.000114275610828329e+00
0.000000000000000000e+00	3.829446082886747010e-02
1.000000000000000000e+00	8.096212952397914275e-01
0.000000000000000000e+00	-4.773049514535787630e-02
0.000000000000000000e+00	4.741749007654197379e-01
0.000000000000000000e+00	1.766226544471563575e-02
1.000000000000000000e+00	4.532100801097479481e-01
1.000000000000000000e+00	6.763254573554453586e-01
1.000000000000000000e+00	8.693150232070770977e-01
0.000000000000000000e+00	5.099047581163601572e-01
1.000000000000000000e+00	4.917465371725879830e-01
0.000000000000000000e+00	4.189690881020192159e-01
0.000000000000000000e+00	2.472803063100040277e-01
1.000000000000000000e+00	1.092479478110125024e+00
0.000000000000000000e+00	2.986207473057972406e-01
0.000000000000000000e+00	-3.501246337977527157e-01
1.000000000000000000e+00	2.889564483243783344e-01
0.000000000000000000e+00	6.661409159006361769e-01
1.000000000000000000e+00	3.060328088377814448e-01
1.000000000000000000e+00	5.115252038876295648e-01
0.000000000000000000e+00	5.540266581981798666e-01
1.000000000000000000e+00	1.147992373103148278e+00
0.000000000000000000e+00	4.171115078645316054e-01
1.000000000000000000e+00	4.275949491167056471e-01
1.000000000000000000e+00	8.114790491030524633e-01
0.000000000000000000e+00	-1.613990678577871540e-01
1.000000000000000000e+00	5.099872936336813378e-01
0.000000000000000000e+00	5.903647594281374866e-01
1.000000000000000000e+00	4.675870305039657171e-01
1.000000000000000000e+00	3.448404508187850048e-01
1.000000000000000000e+00	1.386548792741928882e+00
0.000000000000000000e+00	6.415475720988887964e-01
1.000000000000000000e+00	1.524267491886759807e+00
0.000000000000000000e+00	-3.533295537594987046e-01
0.000000000000000000e+00	3.103132231393014862e-01
1.000000000000000000e+00	3.434628455684259341e-01
0.000000000000000000e+00	3.376366232473186346e-01
1.000000000000000000e+00	1.310064473395733398e+00
0.000000000000000000e+00	2.080187177297695700e-01
0.000000000000000000e+00	2.514638904807171560e-01
1.000000000000000000e+00	1.313057423524341072e+00
0.000000000000000000e+00	5.614447838746268182e-01
1.000000000000000000e+00	9.135355922997322464e-01
1.000000000000000000e+00	7.663724375240944520e-01
1.000000000000000000e+00	6.348392585606497107e-01
0.000000000000000000e+00	4.478416266462338924e-01
1.000000000000000000e+00	6.496124808883255719e-01
1.000000000000000000e+00	5.834783973170591942e-01
1.000000000000000000e+00	8.494215740229582590e-01
0.000000000000000000e+00	6.865875858168177248e-02
1.000000000000000000e+00	9.846737779004418600e-01
0.000000000000000000e+00	-9.394734115759666160e-02
1.000000000000000000e+00	9.243587625212392744e-01
0.000000000000000000e+00	1.301476792596115983e-01
1.000000000000000000e+00	8.413187475652486036e-01
1.000000000000000000e+00	1.216833789741750271e+00
1.000000000000000000e+00	6.309213637663114715e-01
0.000000000000000000e+00	2.365341198146025115e-01
1.000000000000000000e+00	6.749641862451047913e-01
0.000000000000000000e+00	1.267616380296959500e-01
0.000000000000000000e+00	5.222685607326694734e-01
0.000000000000000000e+00	9.924981000367810724e-02
1.000000000000000000e+00	9.207875546271343525e-01
1.000000000000000000e+00	9.617458973940042899e-01
0.000000000000000000e+00	1.007289308912462517e-01
1.000000000000000000e+00	1.047219678950371824e+00
1.000000000000000000e+00	7.441020838436990248e-01
0.000000000000000000e+00	7.550966322267637088e-01
1.000000000000000000e+00	1.000403924444744019e+00
0.000000000000000000e+00	2.668934524521262563e-01
1.000000000000000000e+00	1.096537954216669331e+00
1.000000000000000000e+00	1.151893869004070314e+00
1.000000000000000000e+00	1.174184593200658933e+00
1.000000000000000000e+00	3.673575302130892006e-01
1.000000000000000000e+00	9.383014343897414511e-01
1.000000000000000000e+00	3.918322139690706973e-01
1.000000000000000000e+00	1.217094369623985539e+00
1.000000000000000000e+00	9.225889254054993049e-01
1.000000000000000000e+00	5.692604342489213654e-01
1.000000000000000000e+00	8.278888618116468923e-01
0.000000000000000000e+00	5.650744788191824908e-01
1.000000000000000000e+00	5.740282466912465242e-01
0.000000000000000000e+00	4.846596723883696556e-01
0.000000000000000000e+00	3.653608875313608118e-01
0.000000000000000000e+00	-7.465917418634342440e-01
0.000000000000000000e+00	2.129094793859020174e-01
