1.000000000000000000e+00	9.038506210024187526e-01
1.000000000000000000e+00	7.437648109442037692e-01
0.000000000000000000e+00	-9.787978357285848086e-02
1.000000000000000000e+00	5.940892765514359519e-01
0.000000000000000000e+00	-2.432763910944397284e-02
0.000000000000000000e+00	2.191648687749399860e-01
0.000000000000000000e+00	4.048797499494036223e-01
1.000000000000000000e+00	4.392895065457705361e-01
1.000000000000000000e+00	7.411608431345863002e-01
1.000000000000000000e+00	6.242493542585745292e-01
0.000000000000000000e+00	9.520824493007824796e-02
0.000000000000000000e+00	3.442225590874202212e-01
0.000000000000000000e+00	4.060335680822346749e-01
1.000000000000000000e+00	7.413593913319000972e-01
1.000000000000000000e+00	2.709626595418181960e-01
0.000000000000000000e+00	1.012622419456141870e-01
1.000000000000000000e+00	9.353091810653562099e-01
1.000000000000000000e+00	5.141584046649778639e-01
0.000000000000000000e+00	-3.767488773906832455e-01
1.000000000000000000e+00	7.286543011930610714e-01
0.000000000000000000e+00	-1.708287602302644703e-01
0.000000000000000000e+00	2.470415849396484786e-01
1.000000000000000000e+00	1.121982771878753393e+00
0.000000000000000000e+00	5.666281369556377401e-01
0.000000000000000000e+00	-1.809269833259145865e-01
0.000000000000000000e+00	1.194069535110690722e-01
1.000000000000000000e+00	9.324598704719798681e-01
0.000000000000000000e+00	-1.317257222972899044e-01
1.000000000000000000e+00	1.232647155822589102e+00
1.000000000000000000e+00	6.073971256618736492e-01
1.000000000000000000e+00	6.343764192887321185e-01
0.000000000000000000e+00	-1.745866781066585938e-01
1.000000000000000000e+00	9.697248995523269910e-01
1.000000000000000000e+00	7.475291151802700984e-01
1.000000000000000000e+00	6.380536844301826216e-01
1.000000000000000000e+00	5.269698167947143297e-01
1.000000000000000000e+00	6.621470032057709121e-01
1.000000000000000000e+00	9.411497903810666088e-01
0.000000000000000000e+00	-1.199388806395254581e-01
1.000000000000000000e+00	5.982763131122719180e-01
1.000000000000000000e+00	1.104471546200850085e+00
1.000000000000000000e+00	6.188217384761425244e-01
1.000000000000000000e+00	9.734360433771677146e-01
0.000000000000000000e+00	3.777778638493431429e-01
0.000000000000000000e+00	3.912889881157077254e-01
0.000000000000000000e+00	5.087664868822021624e-01
1.000000000000000000e+00	1.190424534969610981e+00
0.000000000000000000e+00	7.323069669840594209e-02
1.000000000000000000e+00	6.308552639917317517e-01
1.000000000000000000e+00	9.326702399761827023e-01
1.000000000000000000e+00	7.407028557622274967e-01
0.000000000000000000e+00	2.663621750622438000e-01
0.000000000000000000e+00	5.006498542318991163e-01
0.000000000000000000e+00	4.444886162476677782e-01
0.000000000000000000e+00	3.359709237517681801e-01
1.000000000000000000e+00	1.079828782881198546e+00
0.000000000000000000e+00	3.473928475072274313e-01
1.000000000000000000e+00	7.369509151733095731e-01
1.000000000000000000e+00	1.218214040798592634e+00
1.000000000000000000e+00	4.197255625196082418e-01
1.000000000000000000e+00	1.657021445676528870e+00
1.000000000000000000e+00	8.191679240576760224e-01
0.000000000000000000e+00	-1.299126414063884322e-02
1.000000000000000000e+00	1.114387843932911792e+00
1.000000000000000000e+00	7.972072745949789763e-01
0.000000000000000000e+00	1.118321991010200883e-01
0.000000000000000000e+00	-1.192589430795776423e-01
0.000000000000000000e+00	2.955993356692778185e-01
0.000000000000000000e+00	-2.094690743959257417e-01
0.000000000000000000e+00	2.732482349685879663e-01
1.000000000000000000e+00	4.070034429856959624e-01
0.000000000000000000e+00	-1.533645762384374667e-01
1.000000000000000000e+00	3.857522811240931548e-01
1.000000000000000000e+00	6.740971182430166575e-01
0.000000000000000000e+00	9.927407631307438862e-02
1.000000000000000000e+00	6.688967609212085330e-01
0.000000000000000000e+00	-3.135325429014076959e-01
1.000000000000000000e+00	7.414418870575597564e-01
0.000000000000000000e+00	-1.206088270045021504e-01
0.000000000000000000e+00	1.727146011390487956e-01
0.000000000000000000e+00	4.670566081590847296e-01
1.000000000000000000e+00	1.015824743320036250e+00
0.000000000000000000e+00	-6.334815105707720939e-02
0.000000000000000000e+00	1.180015050933321957e-01
1.000000000000000000e+00	7.471089006798207199e-01
0.000000000000000000e+00	-9.064741945976749482e-02
0.000000000000000000e+00	4.054016897308264089e-01
0.000000000000000000e+00	1.068566145953527974e-01
0.000000000000000000e+00	-3.061253652962520055e-01
0.000000000000000000e+00	2.724803655411556780e-01
0.000000000000000000e+00	4.232281378955783380e-01
0.000000000000000000e+00	1.169354497918578678e-01
0.000000000000000000e+00	2.787045952483612199e-01
0.000000000000000000e+00	4.737316410768973030e-01
0.000000000000000000e+00	1.441305266959449771e-01
1.000000000000000000e+00	8.600080656588974248e-01
1.000000000000000000e+00	5.947781269472794952e-01
0.000000000000000000e+00	-1.347477373101443193e-02
0.000000000000000000e+00	7.100381454979113639e-03
0.000000000000000000e+00	2.692046936893552345e-01
0.000000000000000000e+00	-1.514773880532450656e-01
1.000000000000000000e+00	1.114363273329921578e+00
1.000000000000000000e+00	8.006374106987833583e-01
1.000000000000000000e+00	8.971004255371131109e-01
1.000000000000000000e+00	1.032500365381720631e+00
1.000000000000000000e+00	7.561999965500868504e-01
1.000000000000000000e+00	4.763325141569828003e-01
0.000000000000000000e+00	4.135117502696779024e-01
1.000000000000000000e+00	8.976814964378754258e-01
1.000000000000000000e+00	6.591407795852155527e-01
1.000000000000000000e+00	6.550017774262458792e-01
0.000000000000000000e+00	9.539894904049646407e-02
0.000000000000000000e+00	3.576900111394871185e-01
1.000000000000000000e+00	6.856727188889482072e-01
1.000000000000000000e+00	8.742174469893283506e-01
1.000000000000000000e+00	9.932879090459175719e-01
0.000000000000000000e+00	5.567009229862766029e-01
1.000000000000000000e+00	8.751827429876473108e-01
0.000000000000000000e+00	4.702107602747486181e-01
0.000000000000000000e+00	3.362072001972337687e-01
1.000000000000000000e+00	1.102568106879573628e+00
0.000000000000000000e+00	4.944776459207800290e-01
1.000000000000000000e+00	4.463001803336507090e-01
1.000000000000000000e+00	9.085856838597845542e-01
0.000000000000000000e+00	-1.701297525420988888e-01
1.000000000000000000e+00	1.100116773215990218e+00
1.000000000000000000e+00	6.963768651880699601e-01
0.000000000000000000e+00	2.431941600336879061e-01
0.000000000000000000e+00	-2.257467910506360254e-01
1.000000000000000000e+00	7.178361065844192090e-01
0.000000000000000000e+00	7.387792343508933213e-01
0.000000000000000000e+00	4.116580934176012896e-01
0.000000000000000000e+00	-3.198837832742990051e-01
0.000000000000000000e+00	4.899669752168031023e-01
0.000000000000000000e+00	1.222981952634304426e-01
0.000000000000000000e+00	-2.676956393804180365e-02
0.000000000000000000e+00	5.197851338015079259e-01
1.000000000000000000e+00	6.666409957404412223e-01
1.000000000000000000e+00	7.517760422599798487e-01
0.000000000000000000e+00	5.506011397991094070e-01
1.000000000000000000e+00	4.361026067019402874e-01
0.000000000000000000e+00	1.259993341869895984e-02
0.000000000000000000e+00	6.401278598294426470e-01
0.000000000000000000e+00	4.321317040437794299e-01
0.000000000000000000e+00	2.583412959343749371e-01
0.000000000000000000e+00	2.744812153115127606e-01
1.000000000000000000e+00	7.169305586928068630e-01
1.000000000000000000e+00	6.920170755644849958e-01
1.000000000000000000e+00	7.287977149008737499e-01
1.000000000000000000e+00	6.521546390252034309e-01
1.000000000000000000e+00	4.204147088336808169e-01
1.000000000000000000e+00	1.041258204129031251e+00
1.000000000000000000e+00	8.481822622489035846e-01
0.000000000000000000e+00	4.101430760864065439e-01
1.000000000000000000e+00	5.756464677672745722e-01
0.000000000000000000e+00	4.599413698292635355e-01
0.000000000000000000e+00	4.387336707478237674e-01
0.000000000000000000e+00	8.978149653388406426e-02
1.000000000000000000e+00	1.104364210841531690e+00
0.000000000000000000e+00	1.006776803041904145e-01
0.000000000000000000e+00	2.371836540601664489e-01
0.000000000000000000e+00	3.554600103149005430e-01
1.000000000000000000e+00	7.273679835378095149e-01
0.000000000000000000e+00	1.819162509148661011e-01
0.000000000000000000e+00	4.345655286541237339e-01
1.000000000000000000e+00	7.094081161233544153e-01
1.000000000000000000e+00	5.516890015523928659e-01
0.000000000000000000e+00	2.641440218542221441e-01
1.000000000000000000e+00	9.182677748656506989e-01
1.000000000000000000e+00	9.420380706359505751e-01
0.000000000000000000e+00	4.007696000589985319e-01
0.000000000000000000e+00	5.919697605651914607e-01
1.000000000000000000e+00	5.700820826254756613e-01
0.000000000000000000e+00	1.482334555398036879e-01
1.000000000000000000e+00	6.759288470318228770e-01
0.000000000000000000e+00	3.702799574857370546e-01
0.000000000000000000e+00	3.842604418650823472e-01
0.000000000000000000e+00	3.313590103801873910e-01
0.000000000000000000e+00	1.304138633648351808e-01
1.000000000000000000e+00	9.010006799659754373e-01
0.000000000000000000e+00	2.539461350048535793e-01
1.000000000000000000e+00	4.591524773014223904e-01
1.000000000000000000e+00	1.157309491803518720e+00
1.000000000000000000e+00	1.497034177756230156e+00
1.000000000000000000e+00	3.623311444288186967e-01
0.000000000000000000e+00	3.188639296232376741e-01
0.000000000000000000e+00	5.535363892092266536e-01
1.000000000000000000e+00	1.277190492420698265e+00
1.000000000000000000e+00	5.967660339859314211e-01
0.000000000000000000e+00	3.931360498702032857e-01
0.000000000000000000e+00	2.883867817145301382e-01
1.000000000000000000e+00	6.941411573745378538e-01
0.000000000000000000e+00	3.544789419260351293e-01
0.000000000000000000e+00	1.924008269986341724e-01
1.000000000000000000e+00	6.547423055271409664e-01
1.000000000000000000e+00	1.246825947272392154e+00
1.000000000000000000e+00	1.252457258097207760e+00
0.000000000000000000e+00	3.492367263262034505e-01
1.000000000000000000e+00	7.637732362663383068e-01
0.000000000000000000e+00	1.313270835406712134e-01
0.000000000000000000e+00	4.205765401127610215e-01
1.000000000000000000e+00	1.031876763676546460e+00
1.000000000000000000e+00	8.878009558850019634e-01
1.000000000000000000e+00	7.131595081464460195e-01
1.000000000000000000e+00	6.878005201343403430e-01
0.000000000000000000e+00	3.035806548771847191e-01
1.000000000000000000e+00	4.285029371927924768e-01
1.000000000000000000e+00	4.634145288018454156e-01
0.000000000000000000e+00	6.400481376789490806e-01
1.000000000000000000e+00	1.100947915046865289e+00
0.000000000000000000e+00	-2.143144886840175067e-01
1.000000000000000000e+00	7.160683239196573568e-01
0.000000000000000000e+00	1.445651181585164979e-01
0.000000000000000000e+00	1.767111209373422309e-01
1.000000000000000000e+00	8.759287408263760621e-01
1.000000000000000000e+00	1.291201490558876452e+00
1.000000000000000000e+00	4.982686138594064618e-01
0.000000000000000000e+00	4.016261572062427287e-01
1.000000000000000000e+00	1.069526805153216298e+00
0.000000000000000000e+00	-3.510285213408589899e-01
1.000000000000000000e+00	5.095008696792897585e-01
1.000000000000000000e+00	1.052914827687049470e+00
1.000000000000000000e+00	7.390383819967996093e-01
0.000000000000000000e+00	1.108985112247870414e-01
1.000000000000000000e+00	1.153569631102089765e+00
1.000000000000000000e+00	1.107668700345280310e+00
0.000000000000000000e+00	3.717118547903818793e-01
1.000000000000000000e+00	9.709013154397966305e-01
0.000000000000000000e+00	3.419373281316678281e-01
0.000000000000000000e+00	6.431558920372301147e-01
1.000000000000000000e+00	7.467519980309954564e-01
1.000000000000000000e+00	8.179790817066489028e-01
0.000000000000000000e+00	2.458606258086388219e-01
0.000000000000000000e+00	1.267719048931440218e-01
1.000000000000000000e+00	1.188470411472225097e+00
1.000000000000000000e+00	5.135542207124628167e-01
0.000000000000000000e+00	5.515907232558926454e-01
1.000000000000000000e+00	7.839151762107225974e-01
0.000000000000000000e+00	3.427328744710193553e-01
1.000000000000000000e+00	1.231927391604011657e+00
1.000000000000000000e+00	1.071055271376678331e+00
0.000000000000000000e+00	5.365856637433836784e-01
0.000000000000000000e+00	2.114288640136233466e-01
1.000000000000000000e+00	1.591101375388548123e+00
1.000000000000000000e+00	5.582274684180386082e-01
1.000000000000000000e+00	8.980448773454293709e-01
0.000000000000000000e+00	4.248116108722858608e-01
1.000000000000000000e+00	1.502553757558816594e+00
1.000000000000000000e+00	5.609682073423242210e-01
1.000000000000000000e+00	6.662100692875122521e-01
1.000000000000000000e+00	9.835396040489080560e-01
1.000000000000000000e+00	6.213393451241290277e-01
0.000000000000000000e+00	1.434774778690334207e-01
1.000000000000000000e+00	6.080334387930148576e-01
0.000000000000000000e+00	2.127980693959656278e-01
1.000000000000000000e+00	7.260456315184207199e-01
0.000000000000000000e+00	-5.593604732688643999e-01
0.000000000000000000e+00	2.222884598132791323e-01
1.000000000000000000e+00	8.051029919987796601e-01
1.000000000000000000e+00	6.442003020358194609e-01
0.000000000000000000e+00	2.594723990662794466e-01
1.000000000000000000e+00	5.550704474692352841e-01
0.000000000000000000e+00	4.236373161724111824e-01
1.000000000000000000e+00	1.134624005739905295e+00
0.000000000000000000e+00	5.194221305984406678e-01
0.000000000000000000e+00	8.276872592755463165e-02
1.000000000000000000e+00	5.361370516461452240e-01
1.000000000000000000e+00	7.193622040250819971e-01
0.000000000000000000e+00	1.473169568969436849e-01
1.000000000000000000e+00	7.439658402974165252e-01
1.000000000000000000e+00	1.186490063064985279e+00
1.000000000000000000e+00	8.566167616076582059e-01
0.000000000000000000e+00	3.775029721401887417e-01
1.000000000000000000e+00	8.238383936857550660e-01
1.000000000000000000e+00	4.355182654892627570e-01
0.000000000000000000e+00	5.605263766656447544e-01
1.000000000000000000e+00	1.545429075212785053e+00
1.000000000000000000e+00	9.338672516904723553e-01
1.000000000000000000e+00	1.130108745072444520e+00
0.000000000000000000e+00	3.715624668261414687e-01
0.000000000000000000e+00	2.498436360997053074e-01
1.000000000000000000e+00	9.722838840450426234e-01
1.000000000000000000e+00	9.348543304264996801e-01
0.000000000000000000e+00	-3.592208951817241203e-01
1.000000000000000000e+00	4.590374586236539156e-01
1.000000000000000000e+00	1.100214327441953799e+00
1.000000000000000000e+00	1.348995304090139014e+00
1.000000000000000000e+00	6.472129661489365304e-01
0.000000000000000000e+00	4.516804735303022733e-01
0.000000000000000000e+00	-2.214033864493818171e-01
1.000000000000000000e+00	1.715492376699212507e+00
1.000000000000000000e+00	7.413953857718112994e-01
1.000000000000000000e+00	6.088510304413875529e-01
1.000000000000000000e+00	6.267711479869427782e-01
1.000000000000000000e+00	1.322423461295361369e+00
1.000000000000000000e+00	9.194926394884593845e-01
0.000000000000000000e+00	5.343974421830693933e-01
0.000000000000000000e+00	2.314341670728449207e-01
0.000000000000000000e+00	6.792234700714434859e-02
1.000000000000000000e+00	5.125498865859371422e-01
1.000000000000000000e+00	6.021234444203106273e-01
0.000000000000000000e+00	6.466063761253957320e-01
0.000000000000000000e+00	2.131352023127901230e-01
0.000000000000000000e+00	2.193870461291651253e-03
0.000000000000000000e+00	7.557554914481008357e-01
0.000000000000000000e+00	3.534547049843524413e-01
0.000000000000000000e+00	3.190848460655761887e-01
0.000000000000000000e+00	1.561504223291592941e-01
0.000000000000000000e+00	1.711445861139880009e-01
0.000000000000000000e+00	1.478787467853250881e-01
0.000000000000000000e+00	2.876850190697646803e-01
0.000000000000000000e+00	4.426706833169832822e-01
0.000000000000000000e+00	2.543873117045440391e-01
0.000000000000000000e+00	1.364089657351409135e-01
1.000000000000000000e+00	1.088123949344372843e+00
0.000000000000000000e+00	-1.990444535628058120e-01
1.000000000000000000e+00	6.649061055907089512e-01
1.000000000000000000e+00	5.618509755917873161e-01
1.000000000000000000e+00	1.103111963019451691e+00
0.000000000000000000e+00	3.091737284152750176e-01
0.000000000000000000e+00	3.892095101379111632e-01
0.000000000000000000e+00	2.585069115351055213e-01
0.000000000000000000e+00	4.628239897091666610e-01
0.000000000000000000e+00	4.119317070813192094e-01
0.000000000000000000e+00	5.460239440452080428e-01
0.000000000000000000e+00	-7.939964720835653023e-02
1.000000000000000000e+00	1.684126253962195729e+00
0.000000000000000000e+00	-3.096055730024005470e-01
1.000000000000000000e+00	8.397619036116320546e-01
0.000000000000000000e+00	-1.637316768707560710e-01
1.000000000000000000e+00	4.810638258400917744e-01
1.000000000000000000e+00	9.176089328518568511e-01
0.000000000000000000e+00	5.688390321086704837e-01
1.000000000000000000e+00	5.325142335145546246e-01
1.000000000000000000e+00	1.304662326636815584e+00
1.000000000000000000e+00	8.158551686044591689e-01
0.000000000000000000e+00	1.279701875194903526e-01
1.000000000000000000e+00	8.580327499568939364e-01
1.000000000000000000e+00	1.225429027815346128e+00
0.000000000000000000e+00	-2.224996151104702002e-01
0.000000000000000000e+00	2.780117891099094241e-01
1.000000000000000000e+00	1.016562600339150357e+00
1.000000000000000000e+00	8.265809519713065434e-01
1.000000000000000000e+00	1.087510744791604811e+00
1.000000000000000000e+00	5.369124191167420346e-01
0.000000000000000000e+00	1.098289973643199191e-01
0.000000000000000000e+00	4.606622789124169282e-02
1.000000000000000000e+00	7.319116182435682072e-01
0.000000000000000000e+00	2.833469555563506437e-01
1.000000000000000000e+00	9.383849363566511004e-01
0.000000000000000000e+00	1.843184573691641071e-01
1.000000000000000000e+00	1.164925642713510623e+00
1.000000000000000000e+00	6.464313126708193247e-01
1.000000000000000000e+00	5.382062088983829984e-01
1.000000000000000000e+00	1.130190896384571264e+00
1.000000000000000000e+00	1.192106363599011010e+00
1.000000000000000000e+00	9.860001975169679911e-01
1.000000000000000000e+00	9.237997599820519934e-01
0.000000000000000000e+00	2.002008669179921874e-01
1.000000000000000000e+00	1.075308751748693670e+00
0.000000000000000000e+00	3.004246381146281619e-01
1.000000000000000000e+00	6.296013842526487769e-01
0.000000000000000000e+00	4.069284513143741622e-01
1.000000000000000000e+00	3.574449464494345863e-01
0.000000000000000000e+00	6.249087394617723890e-01
1.000000000000000000e+00	9.531368966412376853e-01
0.000000000000000000e+00	2.864735399565394025e-01
1.000000000000000000e+00	7.899098328669581504e-01
0.000000000000000000e+00	-2.653328070727035137e-01
1.000000000000000000e+00	6.222867315853171100e-01
0.000000000000000000e+00	1.660380029350439213e-01
0.000000000000000000e+00	4.652309084011428397e-01
0.000000000000000000e+00	-1.119688134933693180e-01
1.000000000000000000e+00	7.206676351296795735e-01
1.000000000000000000e+00	6.968214341681812085e-01
1.000000000000000000e+00	8.788784594389034144e-01
1.000000000000000000e+00	4.447692569025621934e-01
0.000000000000000000e+00	-2.896734729486427073e-01
0.000000000000000000e+00	1.847128973708388466e-01
1.000000000000000000e+00	8.398786361006238543e-01
0.000000000000000000e+00	4.459807019971078201e-01
0.000000000000000000e+00	3.245690912284139862e-01
1.000000000000000000e+00	6.682976821085113706e-01
1.000000000000000000e+00	6.766156186591525401e-01
1.000000000000000000e+00	6.122632264261014257e-01
1.000000000000000000e+00	7.312297724247359687e-01
1.000000000000000000e+00	3.982565337859154675e-01
1.000000000000000000e+00	5.982842279537690100e-01
1.000000000000000000e+00	6.464028859305935848e-01
1.000000000000000000e+00	5.203835217588506090e-01
1.000000000000000000e+00	8.140933869014754798e-01
0.000000000000000000e+00	-1.243052843494869691e-01
0.000000000000000000e+00	-5.404064995404532779e-01
1.000000000000000000e+00	1.151216082933601115e+00
1.000000000000000000e+00	1.166616060635656149e+00
1.000000000000000000e+00	5.988385849900008662e-01
0.000000000000000000e+00	-1.004911792179636748e-01
0.000000000000000000e+00	2.448768383125010384e-01
0.000000000000000000e+00	2.504456639108940119e-01
0.000000000000000000e+00	4.812441101804337817e-02
0.000000000000000000e+00	7.329482180177328277e-02
0.000000000000000000e+00	5.753964051799738133e-01
1.000000000000000000e+00	6.988008017961772067e-01
1.000000000000000000e+00	7.748201737134957634e-01
1.000000000000000000e+00	5.980464721910400128e-01
0.000000000000000000e+00	1.210274431788409405e-01
1.000000000000000000e+00	7.392667784686618448e-01
1.000000000000000000e+00	3.828440432268696014e-01
1.000000000000000000e+00	5.950687797064238005e-01
1.000000000000000000e+00	4.702879795774859706e-01
0.000000000000000000e+00	5.365516212703166365e-01
0.000000000000000000e+00	-6.791023973141409320e-02
1.000000000000000000e+00	1.025039192876716410e+00
1.000000000000000000e+00	4.429414992391573214e-01
0.000000000000000000e+00	6.062326060521158189e-01
0.000000000000000000e+00	3.047174699413490173e-01
0.000000000000000000e+00	2.420075957268482889e-02
0.000000000000000000e+00	6.326740951151623715e-01
1.000000000000000000e+00	8.094039095503150483e-01
0.000000000000000000e+00	3.699166276948178678e-01
0.000000000000000000e+00	1.504628617872838803e-01
1.000000000000000000e+00	4.610558134624466176e-01
1.000000000000000000e+00	1.375498211413820782e+00
1.000000000000000000e+00	9.984756072107844327e-01
0.000000000000000000e+00	-2.949482224894405258e-01
1.000000000000000000e+00	9.370660313577459100e-01
0.000000000000000000e+00	4.054001457194676972e-01
0.000000000000000000e+00	8.384103768297464232e-02
1.000000000000000000e+00	5.722593365558287237e-01
1.000000000000000000e+00	8.277637298388146325e-01
0.000000000000000000e+00	1.013022705347735863e-01
1.000000000000000000e+00	5.292815588605435106e-01
0.000000000000000000e+00	3.409273332575508270e-02
1.000000000000000000e+00	1.066054764145838885e+00
0.000000000000000000e+00	3.118242578919713237e-01
1.000000000000000000e+00	9.341556606621673753e-01
0.000000000000000000e+00	4.071531111877087494e-01
0.000000000000000000e+00	2.182418889790595506e-01
1.000000000000000000e+00	8.223313639967635424e-01
1.000000000000000000e+00	6.918316681384187872e-01
0.000000000000000000e+00	1.196050654240729400e-01
0.000000000000000000e+00	2.575170662357951779e-01
0.000000000000000000e+00	6.488094612389666560e-02
0.000000000000000000e+00	2.507731198444612675e-01
0.000000000000000000e+00	4.135539748180875885e-01
0.000000000000000000e+00	3.126187759534580501e-01
0.000000000000000000e+00	3.142101762951641786e-01
0.000000000000000000e+00	-1.794648371127697262e-01
0.000000000000000000e+00	1.631228586154561122e-01
1.000000000000000000e+00	1.195248177027715686e+00
0.000000000000000000e+00	9.015673157998982390e-02
0.000000000000000000e+00	4.128555816678472490e-01
0.000000000000000000e+00	2.633706617939038930e-01
1.000000000000000000e+00	8.718267379906998737e-01
0.000000000000000000e+00	2.683834522270262535e-01
1.000000000000000000e+00	5.759965201670204094e-01
1.000000000000000000e+00	7.652657935744198170e-01
0.000000000000000000e+00	2.937304003376725037e-01
0.000000000000000000e+00	-4.474425230659837688e-02
1.000000000000000000e+00	7.259130236942249459e-01
1.000000000000000000e+00	3.790263988370401460e-01
1.000000000000000000e+00	9.813595073246299538e-01
0.000000000000000000e+00	6.688735353865548072e-01
0.000000000000000000e+00	2.368713446998106098e-01
1.000000000000000000e+00	4.023153188828331728e-01
1.000000000000000000e+00	5.004572193000418334e-01
0.000000000000000000e+00	4.348731008542359167e-01
0.000000000000000000e+00	2.060208483490346965e-01
1.000000000000000000e+00	6.462627263386889753e-01
1.000000000000000000e+00	1.126725863968429886e+00
0.000000000000000000e+00	-2.369380360276411926e-02
1.000000000000000000e+00	1.238325382785629092e+00
0.000000000000000000e+00	1.076587783911455154e-01
1.000000000000000000e+00	1.213185120694357577e+00
1.000000000000000000e+00	7.017938413248696605e-01
1.000000000000000000e+00	1.373030793855242848e+00
1.000000000000000000e+00	6.224811395050757756e-01
1.000000000000000000e+00	6.180784639507810319e-01
1.000000000000000000e+00	1.034319863638304415e+00
1.000000000000000000e+00	9.948149493778568608e-01
0.000000000000000000e+00	2.212437159647300533e-01
0.000000000000000000e+00	3.271965819335374004e-01
1.000000000000000000e+00	9.359950300366812748e-01
1.000000000000000000e+00	9.104204360418464148e-01
1.000000000000000000e+00	7.591580342564943074e-01
0.000000000000000000e+00	5.366001633347784461e-01
0.000000000000000000e+00	4.603452779729977351e-01
0.000000000000000000e+00	9.185099562929004147e-02
1.000000000000000000e+00	6.296682789761103294e-01
0.000000000000000000e+00	-2.346726956539544051e-01
0.000000000000000000e+00	2.429728294643645203e-01
0.000000000000000000e+00	-4.929258158454698745e-03
0.000000000000000000e+00	4.085860549520287655e-01
0.000000000000000000e+00	5.212104923450946448e-01
0.000000000000000000e+00	2.037883044277241096e-01
1.000000000000000000e+00	9.009494812991791779e-01
0.000000000000000000e+00	4.806282540661362401e-01
1.000000000000000000e+00	1.019134745227874284e+00
1.000000000000000000e+00	6.967398684660173203e-01
1.000000000000000000e+00	8.111232334973902391e-01
0.000000000000000000e+00	-4.655009010934362812e-01
0.000000000000000000e+00	3.759397005870378922e-02
1.000000000000000000e+00	6.967758069779217411e-01
0.000000000000000000e+00	-1.057956786607708172e-01
1.000000000000000000e+00	8.170716223634547637e-01
0.000000000000000000e+00	-4.912523272954241911e-03
0.000000000000000000e+00	4.153955067684311775e-01
1.000000000000000000e+00	4.559297885996579924e-01
1.000000000000000000e+00	5.357701554515832409e-01
0.000000000000000000e+00	2.334878084165245282e-01
1.000000000000000000e+00	4.348935306352748054e-01
0.000000000000000000e+00	4.930658771079480807e-01
1.000000000000000000e+00	4.719960303079501762e-01
1.000000000000000000e+00	7.492048643308837352e-01
0.000000000000000000e+00	-5.630481723798420185e-02
0.000000000000000000e+00	4.202286644674541605e-01
1.000000000000000000e+00	7.100769036442415860e-01
0.000000000000000000e+00	1.395059177665346484e-01
1.000000000000000000e+00	3.587516622919125209e-01
0.000000000000000000e+00	-1.232760639680481191e-01
0.000000000000000000e+00	2.450457085468912555e-01
0.000000000000000000e+00	4.695756093664205655e-01
1.000000000000000000e+00	4.786439453318497850e-01
1.000000000000000000e+00	8.222837981610783276e-01
0.000000000000000000e+00	-6.714357600144733873e-02
0.000000000000000000e+00	1.134670892497501027e-01
0.000000000000000000e+00	-5.954558137585481692e-01
1.000000000000000000e+00	1.231405949978459313e+00
0.000000000000000000e+00	4.105104525328903131e-01
1.000000000000000000e+00	5.226792787746646907e-01
1.000000000000000000e+00	5.320075749430279721e-01
0.000000000000000000e+00	7.124200983256485653e-01
1.000000000000000000e+00	1.053594936883239130e+00
0.000000000000000000e+00	1.699010606579480220e-01
1.000000000000000000e+00	1.232028012140100603e+00
0.000000000000000000e+00	3.178718777585580746e-01
1.000000000000000000e+00	7.713470973202005698e-01
1.000000000000000000e+00	8.308774230573456876e-01
1.000000000000000000e+00	8.022770969307903011e-01
1.000000000000000000e+00	6.128315111283165750e-01
0.000000000000000000e+00	4.669417566417144450e-01
0.000000000000000000e+00	3.179137576935880949e-02
0.000000000000000000e+00	5.944256860366922135e-01
0.000000000000000000e+00	5.483787637610210153e-02
0.000000000000000000e+00	1.010804559830931898e-01
0.000000000000000000e+00	-3.859749363264798894e-01
1.000000000000000000e+00	8.308782285104637788e-01
1.000000000000000000e+00	1.230655515730275207e+00
1.000000000000000000e+00	7.071667240610555183e-01
0.000000000000000000e+00	3.073634677633845791e-01
0.000000000000000000e+00	1.793208799147918697e-01
1.000000000000000000e+00	6.321058360861966374e-01
0.000000000000000000e+00	2.523027928623556293e-01
0.000000000000000000e+00	6.410659260407635118e-01
1.000000000000000000e+00	1.013576127972919183e+00
0.000000000000000000e+00	3.478020421520426342e-01
1.000000000000000000e+00	6.631237843704597124e-01
0.000000000000000000e+00	3.231095778126211182e-01
0.000000000000000000e+00	-4.413231556325551419e-01
0.000000000000000000e+00	5.296712537741117277e-01
1.000000000000000000e+00	6.227350363278894019e-01
0.000000000000000000e+00	7.106410412600192017e-02
0.000000000000000000e+00	3.739773782548718728e-01
0.000000000000000000e+00	9.025031341498883364e-02
0.000000000000000000e+00	-3.400828585053518593e-01
1.000000000000000000e+00	8.670729819432453356e-01
0.000000000000000000e+00	-2.109383445843901472e-02
1.000000000000000000e+00	6.118346897549785668e-01
0.000000000000000000e+00	3.101561471018769445e-01
0.000000000000000000e+00	-3.061565875203224874e-01
0.000000000000000000e+00	3.005856309188785214e-01
0.000000000000000000e+00	-1.835967673291596103e-01
0.000000000000000000e+00	5.627280962245534424e-02
1.000000000000000000e+00	6.903300921838229076e-01
1.000000000000000000e+00	8.838175082038425279e-01
0.000000000000000000e+00	2.773133458005872520e-01
1.000000000000000000e+00	8.602984538301230444e-01
1.000000000000000000e+00	9.395369600678232791e-01
1.000000000000000000e+00	1.288827777442029809e+00
0.000000000000000000e+00	5.422309089907774160e-01
0.000000000000000000e+00	1.352431873596996251e-02
1.000000000000000000e+00	6.878799776052302306e-01
0.000000000000000000e+00	4.841633163335607448e-01
0.000000000000000000e+00	1.029172077402574909e-01
0.000000000000000000e+00	1.562526708527072483e-01
1.000000000000000000e+00	1.222584397760143604e+00
0.000000000000000000e+00	-1.892550768466483291e-01
1.000000000000000000e+00	1.001382901360276856e+00
1.000000000000000000e+00	8.594976041755351126e-01
1.000000000000000000e+00	6.002144669245210729e-01
1.000000000000000000e+00	7.804835282070260449e-01
0.000000000000000000e+00	4.494341530425361442e-01
0.000000000000000000e+00	1.649893575859588679e-01
0.000000000000000000e+00	2.555301444578647607e-01
1.000000000000000000e+00	6.634958971615824153e-01
1.000000000000000000e+00	9.832972868300232649e-01
0.000000000000000000e+00	2.912540866441806764e-01
0.000000000000000000e+00	-6.579735099862502046e-02
1.000000000000000000e+00	7.925186591745585485e-01
0.000000000000000000e+00	-3.362309376973253716e-01
0.000000000000000000e+00	1.439056403766624526e-01
0.000000000000000000e+00	3.888415330104331297e-02
1.000000000000000000e+00	5.420453694265041644e-01
0.000000000000000000e+00	-1.105972339669784588e-01
1.000000000000000000e+00	8.494938137905913011e-01
0.000000000000000000e+00	1.166830932668650594e-01
0.000000000000000000e+00	4.117652041549752506e-01
0.000000000000000000e+00	1.566780898329493132e-01
1.000000000000000000e+00	1.321366951291299108e+00
0.000000000000000000e+00	-9.921418645144097770e-02
0.000000000000000000e+00	4.166384415176749845e-01
1.000000000000000000e+00	6.326109919280826777e-01
1.000000000000000000e+00	7.218933728694645335e-01
0.000000000000000000e+00	4.307535072407266963e-01
1.000000000000000000e+00	1.245256521694297458e+00
1.000000000000000000e+00	1.366237545976114909e+00
0.000000000000000000e+00	2.946105765347520888e-01
1.000000000000000000e+00	1.210796913295921318e+00
1.000000000000000000e+00	7.335847645927139338e-01
0.000000000000000000e+00	4.521515618242530343e-01
0.000000000000000000e+00	2.020860060861631724e-01
0.000000000000000000e+00	5.020377680982566204e-01
1.000000000000000000e+00	5.625694210925912264e-01
0.000000000000000000e+00	3.305339197303828747e-01
0.000000000000000000e+00	-1.250578362447035408e-01
1.000000000000000000e+00	7.427145319724486328e-01
0.000000000000000000e+00	5.884830481706316840e-01
0.000000000000000000e+00	4.581017368383763499e-01
1.000000000000000000e+00	6.541852015015412469e-01
1.000000000000000000e+00	4.187202989379366636e-01
1.000000000000000000e+00	7.350263557024309113e-01
0.000000000000000000e+00	2.402775550034068064e-01
0.000000000000000000e+00	2.326723611916185208e-01
0.000000000000000000e+00	5.327122229528631348e-01
0.000000000000000000e+00	1.890706873046413272e-01
1.000000000000000000e+00	4.819999967609702729e-01
1.000000000000000000e+00	6.026822560113087590e-01
1.000000000000000000e+00	7.735293598705434981e-01
1.000000000000000000e+00	6.376164663916046305e-01
1.000000000000000000e+00	3.506958607870238609e-01
1.000000000000000000e+00	1.033611556565700473e+00
0.000000000000000000e+00	9.619583384331926654e-03
1.000000000000000000e+00	7.909598515627358495e-01
0.000000000000000000e+00	2.229903769101483357e-01
1.000000000000000000e+00	7.322446919083674954e-01
1.000000000000000000e+00	1.332389326833916199e+00
0.000000000000000000e+00	2.578107610431025210e-01
1.000000000000000000e+00	6.487436716304965101e-01
1.000000000000000000e+00	5.533639367925777819e-01
0.000000000000000000e+00	1.075700985101197549e-01
0.000000000000000000e+00	2.475714617249365479e-01
1.000000000000000000e+00	7.082469913492849267e-01
1.000000000000000000e+00	1.101314691964042636e+00
1.000000000000000000e+00	4.397973494517076198e-01
0.000000000000000000e+00	3.503474794762904271e-02
0.000000000000000000e+00	6.031567448769079576e-01
1.000000000000000000e+00	1.297339934945572537e+00
0.000000000000000000e+00	1.396668097045264123e-01
1.000000000000000000e+00	2.855031632823091248e-01
1.000000000000000000e+00	9.833443233971118635e-01
0.000000000000000000e+00	7.117703811690676563e-01
0.000000000000000000e+00	2.410863171768566349e-01
1.000000000000000000e+00	8.745581066619158017e-01
0.000000000000000000e+00	-4.943578049284183540e-02
0.000000000000000000e+00	3.925529026953051281e-01
1.000000000000000000e+00	4.398450431815356665e-01
0.000000000000000000e+00	4.469947320872671992e-01
0.000000000000000000e+00	6.993524480468736870e-01
1.000000000000000000e+00	8.590940471197459072e-01
0.000000000000000000e+00	-3.322153569014268254e-02
1.000000000000000000e+00	5.052177896590573924e-01
1.000000000000000000e+00	6.678056408453261206e-01
1.000000000000000000e+00	1.374901198329223417e+00
1.000000000000000000e+00	4.120163173776982823e-01
1.000000000000000000e+00	5.909337140708788016e-01
0.000000000000000000e+00	-3.495025848764362064e-01
1.000000000000000000e+00	4.861721224667400199e-01
0.000000000000000000e+00	2.499960190325328513e-01
1.000000000000000000e+00	9.599823463678336388e-01
1.000000000000000000e+00	7.395556517356053350e-01
1.000000000000000000e+00	5.414561742512962184e-01
1.000000000000000000e+00	5.521236702852347911e-01
1.000000000000000000e+00	7.925138640083857489e-01
1.000000000000000000e+00	6.975552997175865633e-01
1.000000000000000000e+00	1.132281236721721873e+00
0.000000000000000000e+00	-2.658175764953566445e-01
0.000000000000000000e+00	-5.172932810169931228e-01
1.000000000000000000e+00	1.061251125546331497e+00
0.000000000000000000e+00	6.745849244846886528e-01
1.000000000000000000e+00	8.695057732162067010e-01
1.000000000000000000e+00	6.973796189711330973e-01
1.000000000000000000e+00	6.777686609781964355e-01
0.000000000000000000e+00	-1.683590796885690508e-02
1.000000000000000000e+00	1.008719824737104531e+00
1.000000000000000000e+00	6.252052714890102836e-01
0.000000000000000000e+00	3.209569039231950360e-01
1.000000000000000000e+00	9.373153217362593104e-01
0.000000000000000000e+00	3.090692804878765743e-01
1.000000000000000000e+00	6.850080263928006730e-01
0.000000000000000000e+00	2.715693980633118176e-01
0.000000000000000000e+00	-1.215370884076067692e-01
1.000000000000000000e+00	1.013385789211413535e+00
0.000000000000000000e+00	1.489793175804992043e-01
0.000000000000000000e+00	4.548742648826504809e-01
0.000000000000000000e+00	6.131692873177623238e-01
1.000000000000000000e+00	1.165774353328331570e+00
1.000000000000000000e+00	5.391581260560520672e-01
1.000000000000000000e+00	1.715059329668634280e+00
1.000000000000000000e+00	9.727860764855102982e-01
0.000000000000000000e+00	3.078620186551010440e-01
1.000000000000000000e+00	9.428837357403647701e-01
1.000000000000000000e+00	9.923600149743151411e-01
0.000000000000000000e+00	3.765763518713472480e-01
1.000000000000000000e+00	7.137978798547456316e-01
1.000000000000000000e+00	9.662942620889289902e-01
1.000000000000000000e+00	4.368602446571297482e-01
0.000000000000000000e+00	3.403543411261106266e-01
0.000000000000000000e+00	3.053140083955294126e-01
0.000000000000000000e+00	3.552114396076917480e-01
1.000000000000000000e+00	5.870363433405461073e-01
0.000000000000000000e+00	1.390370792057660787e-01
0.000000000000000000e+00	2.084118080313158150e-01
1.000000000000000000e+00	1.392377665099332695e+00
0.000000000000000000e+00	4.529716249716937426e-01
0.000000000000000000e+00	3.713800920614329648e-01
1.000000000000000000e+00	7.039562787822050138e-01
1.000000000000000000e+00	6.259240079863547246e-01
1.000000000000000000e+00	8.355898693680963163e-01
1.000000000000000000e+00	1.122271304786769619e+00
1.000000000000000000e+00	8.706114174604099309e-01
1.000000000000000000e+00	5.871480635641548318e-01
1.000000000000000000e+00	8.740657152605938451e-01
1.000000000000000000e+00	8.033240328018185217e-01
0.000000000000000000e+00	3.994061740691081108e-01
1.000000000000000000e+00	1.054746663685393493e+00
1.000000000000000000e+00	5.865056123807661503e-01
1.000000000000000000e+00	9.495746643764538808e-01
1.000000000000000000e+00	9.339846793893908927e-01
0.000000000000000000e+00	2.826631857383182234e-01
1.000000000000000000e+00	8.060959073315349110e-01
1.000000000000000000e+00	9.362249077450012225e-01
0.000000000000000000e+00	1.547032990686941778e-01
1.000000000000000000e+00	7.893244486882750044e-01
0.000000000000000000e+00	2.511877011356762335e-01
0.000000000000000000e+00	3.658429272817897426e-01
0.000000000000000000e+00	-1.618450287220269124e-01
1.000000000000000000e+00	1.447645115888804401e+00
1.000000000000000000e+00	4.490452987414335073e-01
1.000000000000000000e+00	1.164191298926943841e+00
1.000000000000000000e+00	5.625444119192709591e-01
0.000000000000000000e+00	2.054918131437851736e-01
0.000000000000000000e+00	4.015679631171790998e-02
0.000000000000000000e+00	3.503666828988890591e-01
0.000000000000000000e+00	9.628280099129057912e-02
1.000000000000000000e+00	6.596986362037292606e-01
1.000000000000000000e+00	9.187191234553954144e-01
0.000000000000000000e+00	-5.054715308438861854e-02
1.000000000000000000e+00	9.036750801243709219e-01
0.000000000000000000e+00	-4.438002771848647554e-01
1.000000000000000000e+00	7.011493809702968871e-01
1.000000000000000000e+00	6.507555599073174823e-01
0.000000000000000000e+00	8.327446445596561886e-02
0.000000000000000000e+00	-1.915462054364630573e-01
0.000000000000000000e+00	5.320123510169637582e-01
1.000000000000000000e+00	1.169852237376718840e+00
1.000000000000000000e+00	6.317905810144398560e-01
1.000000000000000000e+00	5.178209707878244084e-01
1.000000000000000000e+00	1.217657551256787540e+00
0.000000000000000000e+00	1.006027950800116449e-01
1.000000000000000000e+00	4.247173065799330627e-01
1.000000000000000000e+00	5.682619935934135613e-01
0.000000000000000000e+00	3.539257139311104416e-01
1.000000000000000000e+00	7.921325238048719797e-01
1.000000000000000000e+00	9.590447989069116330e-01
1.000000000000000000e+00	9.348691894828434767e-01
0.000000000000000000e+00	-5.026916486097586789e-01
1.000000000000000000e+00	7.643429956327036923e-01
0.000000000000000000e+00	3.702632890119818554e-01
1.000000000000000000e+00	5.517490973200215310e-01
0.000000000000000000e+00	5.594183249880615438e-01
0.000000000000000000e+00	4.468372535916714794e-01
1.000000000000000000e+00	3.308402512916513993e-01
1.000000000000000000e+00	9.828104931908006048e-01
1.000000000000000000e+00	9.572977679612603152e-01
0.000000000000000000e+00	3.124421681470854195e-01
0.000000000000000000e+00	5.081306470724286095e-01
0.000000000000000000e+00	-1.032452765788066940e-01
1.000000000000000000e+00	6.991662715655992955e-01
0.000000000000000000e+00	9.930288059892633523e-02
0.000000000000000000e+00	4.428108056863165332e-01
1.000000000000000000e+00	7.979406329527968245e-01
1.000000000000000000e+00	4.410517621771000152e-01
0.000000000000000000e+00	6.061484639143870784e-02
1.000000000000000000e+00	9.671470113121949375e-01
1.000000000000000000e+00	1.220507149796954627e+00
0.000000000000000000e+00	3.017334293496638509e-01
0.000000000000000000e+00	-2.867859948546217647e-02
1.000000000000000000e+00	5.887033437085525955e-01
1.000000000000000000e+00	7.309511917251595436e-01
0.000000000000000000e+00	5.063322263958668357e-01
1.000000000000000000e+00	8.181744288449778191e-01
0.000000000000000000e+00	2.629902163970505580e-01
1.000000000000000000e+00	7.089418718349848048e-01
0.000000000000000000e+00	2.439416490062321363e-01
0.000000000000000000e+00	1.254938494797864235e-01
0.000000000000000000e+00	4.443606381693724905e-01
1.000000000000000000e+00	8.355062517869804584e-01
1.000000000000000000e+00	9.735051805676234737e-01
1.000000000000000000e+00	8.368831207336411282e-01
1.000000000000000000e+00	6.876631812695614965e-01
0.000000000000000000e+00	4.200425956971628461e-01
1.000000000000000000e+00	8.764738781584234806e-01
1.000000000000000000e+00	7.855795668618000827e-01
1.000000000000000000e+00	8.069035535496927869e-01
0.000000000000000000e+00	3.276440914420163941e-01
1.000000000000000000e+00	3.987862292345188964e-01
0.000000000000000000e+00	2.267958042948299557e-01
0.000000000000000000e+00	1.987215325984160313e-02
1.000000000000000000e+00	8.266463510751580479e-01
0.000000000000000000e+00	4.126226194704785133e-01
1.000000000000000000e+00	6.554654389536481718e-01
1.000000000000000000e+00	5.859013803936586884e-01
0.000000000000000000e+00	-6.511520095576726896e-02
1.000000000000000000e+00	7.848306960377267050e-01
0.000000000000000000e+00	2.579203505946885411e-01
0.000000000000000000e+00	3.239943199383410466e-01
1.000000000000000000e+00	7.307669019378822961e-01
1.000000000000000000e+00	5.257312390592664419e-01
1.000000000000000000e+00	1.091770879912916659e+00
1.000000000000000000e+00	1.082291666144239661e+00
0.000000000000000000e+00	6.230012025659391606e-01
1.000000000000000000e+00	7.951505884117744394e-01
0.000000000000000000e+00	3.219453121877635104e-01
0.000000000000000000e+00	-1.105161155637804545e-02
1.000000000000000000e+00	1.597374045279420063e+00
0.000000000000000000e+00	1.285251840880934637e-01
1.000000000000000000e+00	7.735430779528155165e-01
0.000000000000000000e+00	5.273035778121715894e-02
0.000000000000000000e+00	4.099582762500675881e-01
0.000000000000000000e+00	2.244046212658247774e-01
0.000000000000000000e+00	4.732448903187250894e-02
1.000000000000000000e+00	8.868397739171381966e-01
1.000000000000000000e+00	7.733617888941953789e-01
0.000000000000000000e+00	-1.073153015300177815e-01
0.000000000000000000e+00	2.285195692004775569e-01
0.000000000000000000e+00	2.341578532213547600e-02
0.000000000000000000e+00	2.923755821617290418e-01
0.000000000000000000e+00	-1.758617301601045069e-01
0.000000000000000000e+00	5.341481221631506626e-01
1.000000000000000000e+00	5.770768706624793687e-01
0.000000000000000000e+00	-5.127583185521121696e-03
0.000000000000000000e+00	8.857408090039387005e-02
1.000000000000000000e+00	7.879190471530094220e-01
0.000000000000000000e+00	5.294807551012868929e-01
1.000000000000000000e+00	8.389726272534345775e-01
1.000000000000000000e+00	7.710571160017164472e-01
1.000000000000000000e+00	1.646156098708773774e+00
1.000000000000000000e+00	9.765593731535634481e-01
1.000000000000000000e+00	5.581329177881585446e-01
1.000000000000000000e+00	8.601015233955994210e-01
1.000000000000000000e+00	3.957268921378668258e-01
0.000000000000000000e+00	3.348766118359938204e-01
1.000000000000000000e+00	1.331177868839221290e+00
1.000000000000000000e+00	5.114437946019425585e-01
1.000000000000000000e+00	5.494197893186888448e-01
1.000000000000000000e+00	1.131840275212360414e+00
0.000000000000000000e+00	4.846935354623804204e-01
1.000000000000000000e+00	1.091088532787232390e+00
1.000000000000000000e+00	7.922938813425174365e-01
0.000000000000000000e+00	5.101877252176956201e-01
0.000000000000000000e+00	3.561140478263787323e-01
0.000000000000000000e+00	1.717524573985325653e-01
1.000000000000000000e+00	7.166479083084528190e-01
1.000000000000000000e+00	8.140344375172124947e-01
1.000000000000000000e+00	9.791314128730110866e-01
1.000000000000000000e+00	4.090933413295723686e-01
0.000000000000000000e+00	-4.695657006219931123e-02
1.000000000000000000e+00	8.303819917963277675e-01
1.000000000000000000e+00	3.370543738527611577e-01
0.000000000000000000e+00	3.764432016941708370e-01
0.000000000000000000e+00	4.468499093331542160e-01
1.000000000000000000e+00	5.058429689121144435e-01
0.000000000000000000e+00	6.907238161318232650e-02
0.000000000000000000e+00	-2.904554207836619883e-01
1.000000000000000000e+00	7.736411457585277152e-01
0.000000000000000000e+00	1.507197548544075838e-01
1.000000000000000000e+00	8.648469133736095271e-01
0.000000000000000000e+00	3.204044892389699695e-01
1.000000000000000000e+00	4.227087375572422534e-01
1.000000000000000000e+00	6.695317150125688066e-01
0.000000000000000000e+00	1.491727004727252948e-01
1.000000000000000000e+00	8.450333220282750801e-01
1.000000000000000000e+00	8.264940254154871102e-01
0.000000000000000000e+00	3.921091177720896770e-01
0.000000000000000000e+00	1.319158929900441368e-01
1.000000000000000000e+00	1.210659008402086734e+00
1.000000000000000000e+00	5.683065264122991733e-01
1.000000000000000000e+00	7.021570795878144811e-01
1.000000000000000000e+00	1.425913977790262743e+00
0.000000000000000000e+00	1.834986083815187685e-02
0.000000000000000000e+00	-5.368674642718648110e-02
1.000000000000000000e+00	7.503211528986812873e-01
1.000000000000000000e+00	5.717565756601376004e-01
0.000000000000000000e+00	3.942219860290925859e-01
1.000000000000000000e+00	1.178606446636694782e+00
0.000000000000000000e+00	1.677654484956672409e-01
0.000000000000000000e+00	-6.380277172311736578e-02
0.000000000000000000e+00	5.170030043920856855e-01
0.000000000000000000e+00	5.382780144655677779e-01
0.000000000000000000e+00	2.248586624711220727e-01
0.000000000000000000e+00	4.255019632733998414e-01
0.000000000000000000e+00	5.094676965368876154e-01
0.000000000000000000e+00	7.259202937513605791e-01
0.000000000000000000e+00	6.432195231804717084e-01
1.000000000000000000e+00	9.794844373872501064e-01
0.000000000000000000e+00	2.143942132814866397e-01
1.000000000000000000e+00	1.044169299763206382e+00
0.000000000000000000e+00	-3.301029876288221754e-01
0.000000000000000000e+00	2.648468883670349050e-01
0.000000000000000000e+00	3.276251085573606697e-02
1.000000000000000000e+00	8.701403925528917727e-01
1.000000000000000000e+00	6.148042745549662236e-01
1.000000000000000000e+00	7.814570157450053678e-01
0.000000000000000000e+00	4.402197004405236647e-01
1.000000000000000000e+00	4.894244166208311375e-01
0.000000000000000000e+00	4.190680425026442890e-01
0.000000000000000000e+00	4.912346049013609217e-02
1.000000000000000000e+00	1.248341341227454215e+00
0.000000000000000000e+00	2.440407574437267191e-01
0.000000000000000000e+00	-4.995179654145934789e-01
1.000000000000000000e+00	3.131010582429483158e-01
0.000000000000000000e+00	3.783490723838884295e-01
1.000000000000000000e+00	4.662221555056058619e-01
1.000000000000000000e+00	8.493066351573202999e-01
0.000000000000000000e+00	3.539198519229590501e-01
1.000000000000000000e+00	1.168144346909186782e+00
0.000000000000000000e+00	4.871567482381166658e-01
1.000000000000000000e+00	7.558699096712531151e-01
1.000000000000000000e+00	9.682430620654267628e-01
0.000000000000000000e+00	6.268723341688163531e-02
1.000000000000000000e+00	5.183837597056210056e-01
0.000000000000000000e+00	4.064204961211335676e-01
1.000000000000000000e+00	4.738557882603449678e-01
1.000000000000000000e+00	6.675992580374549012e-01
1.000000000000000000e+00	1.470549704344862318e+00
0.000000000000000000e+00	3.606918364398162269e-01
1.000000000000000000e+00	1.251308080327311556e+00
0.000000000000000000e+00	-2.047398298315257492e-01
0.000000000000000000e+00	5.677675073566728070e-01
1.000000000000000000e+00	4.370385708127484947e-01
0.000000000000000000e+00	4.164620209477886137e-01
1.000000000000000000e+00	1.227599733820055050e+00
0.000000000000000000e+00	1.122705349035631878e-01
0.000000000000000000e+00	2.972410159647954075e-01
1.000000000000000000e+00	1.038595360932549339e+00
0.000000000000000000e+00	5.285726266600691003e-01
1.000000000000000000e+00	9.050163584249213411e-01
1.000000000000000000e+00	6.035202836901544243e-01
1.000000000000000000e+00	6.998530707971298837e-01
0.000000000000000000e+00	3.625669220659340497e-01
1.000000000000000000e+00	7.095980417831263543e-01
1.000000000000000000e+00	6.728068183451956230e-01
1.000000000000000000e+00	7.555748325094172602e-01
0.000000000000000000e+00	1.756434026751958200e-01
1.000000000000000000e+00	1.092214066291073538e+00
0.000000000000000000e+00	-9.473025036964001500e-02
1.000000000000000000e+00	7.115329225667049728e-01
0.000000000000000000e+00	2.666935915433130133e-01
1.000000000000000000e+00	8.472249952942760842e-01
1.000000000000000000e+00	1.234282062568760940e+00
1.000000000000000000e+00	7.805777174445848177e-01
0.000000000000000000e+00	2.431747120195515144e-01
1.000000000000000000e+00	5.090663499236541822e-01
0.000000000000000000e+00	1.341025027844208739e-01
0.000000000000000000e+00	3.532623280419063816e-01
0.000000000000000000e+00	1.521294474706758743e-02
1.000000000000000000e+00	6.337505680899188087e-01
1.000000000000000000e+00	1.015885785595695312e+00
0.000000000000000000e+00	1.379072076027041960e-01
1.000000000000000000e+00	1.154686655029842024e+00
1.000000000000000000e+00	7.300252256586866606e-01
0.000000000000000000e+00	5.815187056533593912e-01
1.000000000000000000e+00	1.002813651560525265e+00
0.000000000000000000e+00	1.488217976928092601e-01
1.000000000000000000e+00	1.089401737276703974e+00
1.000000000000000000e+00	1.115176661993507512e+00
1.000000000000000000e+00	1.317424531291615297e+00
1.000000000000000000e+00	5.531369590255448276e-01
1.000000000000000000e+00	7.240493705829680327e-01
1.000000000000000000e+00	5.202438794474092409e-01
1.000000000000000000e+00	1.288408508365524119e+00
1.000000000000000000e+00	9.369925581233378153e-01
1.000000000000000000e+00	5.904551919109527480e-01
1.000000000000000000e+00	8.482005110447823348e-01
0.000000000000000000e+00	5.972380038889570919e-01
1.000000000000000000e+00	7.082346439530297078e-01
0.000000000000000000e+00	4.730394644354801725e-01
0.000000000000000000e+00	3.001509110322053142e-01
0.000000000000000000e+00	-8.589125386609961499e-01
0.000000000000000000e+00	2.350108725804125887e-01
